v4	I(Dgreen1)
0.000000000000000e+00	-2.802597e-44
1.000000000000000e-02	1.087483e-14
2.000000000000000e-02	2.182620e-14
3.000000000000000e-02	3.286080e-14
4.000000000000000e-02	4.398591e-14
5.000000000000000e-02	5.520944e-14
6.000000000000000e-02	6.654001e-14
7.000000000000001e-02	7.798699e-14
8.000000000000000e-02	8.956056e-14
9.000000000000000e-02	1.012718e-13
9.999999999999999e-02	1.131327e-13
1.100000000000000e-01	1.251564e-13
1.200000000000000e-01	1.373572e-13
1.300000000000000e-01	1.497505e-13
1.400000000000000e-01	1.623532e-13
1.500000000000000e-01	1.751836e-13
1.600000000000000e-01	1.882616e-13
1.700000000000000e-01	2.016088e-13
1.800000000000000e-01	2.152489e-13
1.900000000000000e-01	2.292074e-13
2.000000000000000e-01	2.435123e-13
2.100000000000000e-01	2.581937e-13
2.200000000000001e-01	2.732847e-13
2.300000000000001e-01	2.888211e-13
2.400000000000001e-01	3.048417e-13
2.500000000000001e-01	3.213892e-13
2.600000000000001e-01	3.385094e-13
2.700000000000001e-01	3.562525e-13
2.800000000000001e-01	3.746730e-13
2.900000000000001e-01	3.938301e-13
3.000000000000001e-01	4.137884e-13
3.100000000000001e-01	4.346178e-13
3.200000000000001e-01	4.563946e-13
3.300000000000001e-01	4.792017e-13
3.400000000000001e-01	5.031293e-13
3.500000000000001e-01	5.282752e-13
3.600000000000002e-01	5.547462e-13
3.700000000000002e-01	5.826581e-13
3.800000000000002e-01	6.121370e-13
3.900000000000002e-01	6.433200e-13
4.000000000000002e-01	6.763562e-13
4.100000000000002e-01	7.114076e-13
4.200000000000002e-01	7.486506e-13
4.300000000000002e-01	7.882769e-13
4.400000000000002e-01	8.304951e-13
4.500000000000002e-01	8.755317e-13
4.600000000000002e-01	9.236336e-13
4.700000000000003e-01	9.750687e-13
4.800000000000003e-01	1.030129e-12
4.900000000000003e-01	1.089131e-12
5.000000000000002e-01	1.152420e-12
5.100000000000002e-01	1.220370e-12
5.200000000000002e-01	1.293391e-12
5.300000000000002e-01	1.371924e-12
5.400000000000003e-01	1.456454e-12
5.500000000000003e-01	1.547503e-12
5.600000000000003e-01	1.645643e-12
5.700000000000003e-01	1.751494e-12
5.800000000000003e-01	1.865730e-12
5.900000000000003e-01	1.989085e-12
6.000000000000003e-01	2.122356e-12
6.100000000000003e-01	2.266412e-12
6.200000000000003e-01	2.422196e-12
6.300000000000003e-01	2.590733e-12
6.400000000000003e-01	2.773139e-12
6.500000000000004e-01	2.970629e-12
6.600000000000004e-01	3.184520e-12
6.700000000000004e-01	3.416249e-12
6.800000000000004e-01	3.667375e-12
6.900000000000004e-01	3.939596e-12
7.000000000000004e-01	4.234756e-12
7.100000000000004e-01	4.554864e-12
7.200000000000004e-01	4.902101e-12
7.300000000000004e-01	5.278840e-12
7.400000000000004e-01	5.687663e-12
7.500000000000004e-01	6.131377e-12
7.600000000000005e-01	6.613033e-12
7.700000000000005e-01	7.135952e-12
7.800000000000005e-01	7.703742e-12
7.900000000000005e-01	8.320331e-12
8.000000000000005e-01	8.989984e-12
8.100000000000005e-01	9.717348e-12
8.200000000000005e-01	1.050747e-11
8.300000000000005e-01	1.136584e-11
8.400000000000005e-01	1.229842e-11
8.500000000000005e-01	1.331172e-11
8.600000000000005e-01	1.441279e-11
8.700000000000006e-01	1.560931e-11
8.800000000000006e-01	1.690963e-11
8.900000000000006e-01	1.832283e-11
9.000000000000006e-01	1.985879e-11
9.100000000000006e-01	2.152825e-11
9.200000000000006e-01	2.334288e-11
9.300000000000006e-01	2.531538e-11
9.400000000000006e-01	2.745957e-11
9.500000000000006e-01	2.979048e-11
9.600000000000006e-01	3.232441e-11
9.700000000000006e-01	3.507915e-11
9.800000000000006e-01	3.807402e-11
9.900000000000007e-01	4.133001e-11
1.000000000000001e+00	4.486997e-11
1.010000000000001e+00	4.871874e-11
1.020000000000001e+00	5.290333e-11
1.030000000000001e+00	5.745315e-11
1.040000000000001e+00	6.240011e-11
1.050000000000001e+00	6.777898e-11
1.060000000000001e+00	7.362754e-11
1.070000000000001e+00	7.998687e-11
1.080000000000001e+00	8.690167e-11
1.090000000000001e+00	9.442052e-11
1.100000000000001e+00	1.025963e-10
1.110000000000001e+00	1.114864e-10
1.120000000000001e+00	1.211534e-10
1.130000000000001e+00	1.316652e-10
1.140000000000001e+00	1.430957e-10
1.150000000000001e+00	1.555254e-10
1.160000000000001e+00	1.690415e-10
1.170000000000001e+00	1.837393e-10
1.180000000000001e+00	1.997219e-10
1.190000000000001e+00	2.171019e-10
1.200000000000001e+00	2.360016e-10
1.210000000000001e+00	2.565537e-10
1.220000000000001e+00	2.789029e-10
1.230000000000001e+00	3.032064e-10
1.240000000000001e+00	3.296352e-10
1.250000000000001e+00	3.583752e-10
1.260000000000001e+00	3.896287e-10
1.270000000000001e+00	4.236154e-10
1.280000000000001e+00	4.605745e-10
1.290000000000001e+00	5.007660e-10
1.300000000000001e+00	5.444727e-10
1.310000000000001e+00	5.920022e-10
1.320000000000001e+00	6.436889e-10
1.330000000000001e+00	6.998964e-10
1.340000000000001e+00	7.610202e-10
1.350000000000001e+00	8.274905e-10
1.360000000000001e+00	8.997750e-10
1.370000000000001e+00	9.783823e-10
1.380000000000001e+00	1.063865e-09
1.390000000000001e+00	1.156826e-09
1.400000000000001e+00	1.257918e-09
1.410000000000001e+00	1.367854e-09
1.420000000000001e+00	1.487406e-09
1.430000000000001e+00	1.617416e-09
1.440000000000001e+00	1.758798e-09
1.450000000000001e+00	1.912549e-09
1.460000000000001e+00	2.079749e-09
1.470000000000001e+00	2.261575e-09
1.480000000000001e+00	2.459308e-09
1.490000000000001e+00	2.674337e-09
1.500000000000001e+00	2.908178e-09
1.510000000000001e+00	3.162474e-09
1.520000000000001e+00	3.439016e-09
1.530000000000001e+00	3.739750e-09
1.540000000000001e+00	4.066793e-09
1.550000000000001e+00	4.422445e-09
1.560000000000001e+00	4.809209e-09
1.570000000000001e+00	5.229808e-09
1.580000000000001e+00	5.687201e-09
1.590000000000001e+00	6.184607e-09
1.600000000000001e+00	6.725526e-09
1.610000000000001e+00	7.313766e-09
1.620000000000001e+00	7.953465e-09
1.630000000000001e+00	8.649127e-09
1.640000000000001e+00	9.405644e-09
1.650000000000001e+00	1.022834e-08
1.660000000000001e+00	1.112301e-08
1.670000000000001e+00	1.209595e-08
1.680000000000001e+00	1.315400e-08
1.690000000000001e+00	1.430460e-08
1.700000000000001e+00	1.555587e-08
1.710000000000001e+00	1.691659e-08
1.720000000000001e+00	1.839635e-08
1.730000000000001e+00	2.000556e-08
1.740000000000001e+00	2.175554e-08
1.750000000000001e+00	2.365861e-08
1.760000000000001e+00	2.572817e-08
1.770000000000001e+00	2.797876e-08
1.780000000000001e+00	3.042623e-08
1.790000000000001e+00	3.308780e-08
1.800000000000001e+00	3.598221e-08
1.810000000000001e+00	3.912981e-08
1.820000000000001e+00	4.255275e-08
1.830000000000001e+00	4.627512e-08
1.840000000000001e+00	5.032311e-08
1.850000000000001e+00	5.472519e-08
1.860000000000001e+00	5.951235e-08
1.870000000000001e+00	6.471826e-08
1.880000000000001e+00	7.037956e-08
1.890000000000001e+00	7.653605e-08
1.900000000000001e+00	8.323107e-08
1.910000000000001e+00	9.051170e-08
1.920000000000001e+00	9.842918e-08
1.930000000000001e+00	1.070392e-07
1.940000000000002e+00	1.164023e-07
1.950000000000002e+00	1.265843e-07
1.960000000000002e+00	1.376569e-07
1.970000000000002e+00	1.496979e-07
1.980000000000002e+00	1.627920e-07
1.990000000000002e+00	1.770314e-07
2.000000000000001e+00	1.925161e-07
2.010000000000001e+00	2.093549e-07
2.020000000000001e+00	2.276663e-07
2.030000000000001e+00	2.475791e-07
2.040000000000000e+00	2.692331e-07
2.050000000000000e+00	2.927806e-07
2.060000000000000e+00	3.183870e-07
2.070000000000000e+00	3.462324e-07
2.080000000000000e+00	3.765123e-07
2.089999999999999e+00	4.094394e-07
2.099999999999999e+00	4.452450e-07
2.109999999999999e+00	4.841806e-07
2.119999999999999e+00	5.265196e-07
2.129999999999999e+00	5.725590e-07
2.139999999999998e+00	6.226222e-07
2.149999999999998e+00	6.770602e-07
2.159999999999998e+00	7.362551e-07
2.169999999999998e+00	8.006218e-07
2.179999999999997e+00	8.706116e-07
2.189999999999997e+00	9.467152e-07
2.199999999999997e+00	1.029465e-06
2.209999999999997e+00	1.119442e-06
2.219999999999997e+00	1.217275e-06
2.229999999999996e+00	1.323648e-06
2.239999999999996e+00	1.439305e-06
2.249999999999996e+00	1.565055e-06
2.259999999999996e+00	1.701777e-06
2.269999999999996e+00	1.850423e-06
2.279999999999995e+00	2.012031e-06
2.289999999999995e+00	2.187729e-06
2.299999999999995e+00	2.378737e-06
2.309999999999995e+00	2.586387e-06
2.319999999999995e+00	2.812120e-06
2.329999999999994e+00	3.057505e-06
2.339999999999994e+00	3.324242e-06
2.349999999999994e+00	3.614179e-06
2.359999999999994e+00	3.929321e-06
2.369999999999993e+00	4.271844e-06
2.379999999999993e+00	4.644110e-06
2.389999999999993e+00	5.048679e-06
2.399999999999993e+00	5.488331e-06
2.409999999999993e+00	5.966078e-06
2.419999999999992e+00	6.485187e-06
2.429999999999992e+00	7.049198e-06
2.439999999999992e+00	7.661948e-06
2.449999999999992e+00	8.327591e-06
2.459999999999992e+00	9.050627e-06
2.469999999999991e+00	9.835928e-06
2.479999999999991e+00	1.068876e-05
2.489999999999991e+00	1.161483e-05
2.499999999999991e+00	1.262028e-05
2.509999999999990e+00	1.371179e-05
2.519999999999990e+00	1.489654e-05
2.529999999999990e+00	1.618228e-05
2.539999999999990e+00	1.757739e-05
2.549999999999990e+00	1.909087e-05
2.559999999999989e+00	2.073244e-05
2.569999999999989e+00	2.251255e-05
2.579999999999989e+00	2.444244e-05
2.589999999999989e+00	2.653416e-05
2.599999999999989e+00	2.880066e-05
2.609999999999988e+00	3.125581e-05
2.619999999999988e+00	3.391448e-05
2.629999999999988e+00	3.679252e-05
2.639999999999988e+00	3.990689e-05
2.649999999999987e+00	4.327564e-05
2.659999999999987e+00	4.691801e-05
2.669999999999987e+00	5.085439e-05
2.679999999999987e+00	5.510645e-05
2.689999999999987e+00	5.969707e-05
2.699999999999986e+00	6.465046e-05
2.709999999999986e+00	6.999204e-05
2.719999999999986e+00	7.574861e-05
2.729999999999986e+00	8.194817e-05
2.739999999999986e+00	8.862002e-05
2.749999999999985e+00	9.579467e-05
2.759999999999985e+00	1.035038e-04
2.769999999999985e+00	1.117801e-04
2.779999999999985e+00	1.206573e-04
2.789999999999984e+00	1.301702e-04
2.799999999999984e+00	1.403540e-04
2.809999999999984e+00	1.512449e-04
2.819999999999984e+00	1.628793e-04
2.829999999999984e+00	1.752939e-04
2.839999999999983e+00	1.885255e-04
2.849999999999983e+00	2.026108e-04
2.859999999999983e+00	2.175860e-04
2.869999999999983e+00	2.334867e-04
2.879999999999983e+00	2.503477e-04
2.889999999999982e+00	2.682026e-04
2.899999999999982e+00	2.870838e-04
2.909999999999982e+00	3.070219e-04
2.919999999999982e+00	3.280458e-04
2.929999999999982e+00	3.501825e-04
2.939999999999981e+00	3.734565e-04
2.949999999999981e+00	3.978903e-04
2.959999999999981e+00	4.235035e-04
2.969999999999981e+00	4.503133e-04
2.979999999999980e+00	4.783342e-04
2.989999999999980e+00	5.075780e-04
2.999999999999980e+00	5.380535e-04
3.009999999999980e+00	5.697669e-04
3.019999999999980e+00	6.027218e-04
3.029999999999979e+00	6.369188e-04
3.039999999999979e+00	6.723563e-04
3.049999999999979e+00	7.090300e-04
3.059999999999979e+00	7.469333e-04
3.069999999999979e+00	7.860576e-04
3.079999999999978e+00	8.263921e-04
3.089999999999978e+00	8.679241e-04
3.099999999999978e+00	9.106393e-04
3.109999999999978e+00	9.545218e-04
3.119999999999977e+00	9.995544e-04
3.129999999999977e+00	1.045719e-03
3.139999999999977e+00	1.092995e-03
3.149999999999977e+00	1.141363e-03
3.159999999999977e+00	1.190802e-03
3.169999999999976e+00	1.241290e-03
3.179999999999976e+00	1.292805e-03
3.189999999999976e+00	1.345324e-03
3.199999999999976e+00	1.398824e-03
3.209999999999976e+00	1.453283e-03
3.219999999999975e+00	1.508678e-03
3.229999999999975e+00	1.564986e-03
3.239999999999975e+00	1.622184e-03
3.249999999999975e+00	1.680250e-03
3.259999999999974e+00	1.739160e-03
3.269999999999974e+00	1.798894e-03
3.279999999999974e+00	1.859429e-03
3.289999999999974e+00	1.920745e-03
3.299999999999974e+00	1.982819e-03
3.309999999999973e+00	2.045632e-03
3.319999999999973e+00	2.109164e-03
3.329999999999973e+00	2.173394e-03
3.339999999999973e+00	2.238305e-03
3.349999999999973e+00	2.303876e-03
3.359999999999972e+00	2.370090e-03
3.369999999999972e+00	2.436929e-03
3.379999999999972e+00	2.504376e-03
3.389999999999972e+00	2.572414e-03
3.399999999999971e+00	2.641027e-03
3.409999999999971e+00	2.710199e-03
3.419999999999971e+00	2.779915e-03
3.429999999999971e+00	2.850160e-03
3.439999999999971e+00	2.920919e-03
3.449999999999970e+00	2.992179e-03
3.459999999999970e+00	3.063925e-03
3.469999999999970e+00	3.136146e-03
3.479999999999970e+00	3.208827e-03
3.489999999999970e+00	3.281958e-03
3.499999999999969e+00	3.355525e-03
3.509999999999969e+00	3.429518e-03
3.519999999999969e+00	3.503924e-03
3.529999999999969e+00	3.578735e-03
3.539999999999969e+00	3.653938e-03
3.549999999999968e+00	3.729524e-03
3.559999999999968e+00	3.805483e-03
3.569999999999968e+00	3.881805e-03
3.579999999999968e+00	3.958482e-03
3.589999999999967e+00	4.035505e-03
3.599999999999967e+00	4.112863e-03
3.609999999999967e+00	4.190551e-03
3.619999999999967e+00	4.268559e-03
3.629999999999967e+00	4.346879e-03
3.639999999999966e+00	4.425504e-03
3.649999999999966e+00	4.504427e-03
3.659999999999966e+00	4.583641e-03
3.669999999999966e+00	4.663138e-03
3.679999999999966e+00	4.742912e-03
3.689999999999965e+00	4.822957e-03
3.699999999999965e+00	4.903265e-03
3.709999999999965e+00	4.983833e-03
3.719999999999965e+00	5.064652e-03
3.729999999999964e+00	5.145717e-03
3.739999999999964e+00	5.227024e-03
3.749999999999964e+00	5.308567e-03
3.759999999999964e+00	5.390340e-03
3.769999999999964e+00	5.472337e-03
3.779999999999963e+00	5.554556e-03
3.789999999999963e+00	5.636990e-03
3.799999999999963e+00	5.719636e-03
3.809999999999963e+00	5.802487e-03
3.819999999999963e+00	5.885541e-03
3.829999999999962e+00	5.968793e-03
3.839999999999962e+00	6.052239e-03
3.849999999999962e+00	6.135874e-03
3.859999999999962e+00	6.219695e-03
3.869999999999961e+00	6.303699e-03
3.879999999999961e+00	6.387881e-03
3.889999999999961e+00	6.472238e-03
3.899999999999961e+00	6.556766e-03
3.909999999999961e+00	6.641462e-03
3.919999999999960e+00	6.726324e-03
3.929999999999960e+00	6.811346e-03
3.939999999999960e+00	6.896527e-03
3.949999999999960e+00	6.981863e-03
3.959999999999960e+00	7.067352e-03
3.969999999999959e+00	7.152990e-03
3.979999999999959e+00	7.238775e-03
3.989999999999959e+00	7.324704e-03
3.999999999999959e+00	7.410775e-03
4.009999999999959e+00	7.496984e-03
4.019999999999959e+00	7.583329e-03
4.029999999999959e+00	7.669809e-03
4.039999999999958e+00	7.756419e-03
4.049999999999958e+00	7.843159e-03
4.059999999999958e+00	7.930025e-03
4.069999999999958e+00	8.017017e-03
4.079999999999957e+00	8.104131e-03
4.089999999999957e+00	8.191364e-03
4.099999999999957e+00	8.278716e-03
4.109999999999957e+00	8.366184e-03
4.119999999999957e+00	8.453767e-03
4.129999999999956e+00	8.541461e-03
4.139999999999956e+00	8.629266e-03
4.149999999999956e+00	8.717180e-03
4.159999999999956e+00	8.805200e-03
4.169999999999956e+00	8.893326e-03
4.179999999999955e+00	8.981555e-03
4.189999999999955e+00	9.069886e-03
4.199999999999955e+00	9.158316e-03
4.209999999999955e+00	9.246846e-03
4.219999999999954e+00	9.335472e-03
4.229999999999954e+00	9.424194e-03
4.239999999999954e+00	9.513008e-03
4.249999999999954e+00	9.601917e-03
4.259999999999954e+00	9.690916e-03
4.269999999999953e+00	9.780005e-03
4.279999999999953e+00	9.869182e-03
4.289999999999953e+00	9.958445e-03
4.299999999999953e+00	1.004779e-02
4.309999999999953e+00	1.013723e-02
4.319999999999952e+00	1.022675e-02
4.329999999999952e+00	1.031634e-02
4.339999999999952e+00	1.040602e-02
4.349999999999952e+00	1.049578e-02
4.359999999999951e+00	1.058562e-02
4.369999999999951e+00	1.067553e-02
4.379999999999951e+00	1.076553e-02
4.389999999999951e+00	1.085559e-02
4.399999999999951e+00	1.094573e-02
4.409999999999950e+00	1.103594e-02
4.419999999999950e+00	1.112623e-02
4.429999999999950e+00	1.121659e-02
4.439999999999950e+00	1.130701e-02
4.449999999999950e+00	1.139751e-02
4.459999999999949e+00	1.148807e-02
4.469999999999949e+00	1.157870e-02
4.479999999999949e+00	1.166940e-02
4.489999999999949e+00	1.176016e-02
4.499999999999948e+00	1.185098e-02
4.509999999999948e+00	1.194187e-02
4.519999999999948e+00	1.203283e-02
4.529999999999948e+00	1.212384e-02
4.539999999999948e+00	1.221492e-02
4.549999999999947e+00	1.230605e-02
4.559999999999947e+00	1.239725e-02
4.569999999999947e+00	1.248851e-02
4.579999999999947e+00	1.257982e-02
4.589999999999947e+00	1.267119e-02
4.599999999999946e+00	1.276262e-02
4.609999999999946e+00	1.285410e-02
4.619999999999946e+00	1.294564e-02
4.629999999999946e+00	1.303723e-02
4.639999999999946e+00	1.312888e-02
4.649999999999945e+00	1.322058e-02
4.659999999999945e+00	1.331233e-02
4.669999999999945e+00	1.340414e-02
4.679999999999945e+00	1.349600e-02
4.689999999999944e+00	1.358790e-02
4.699999999999944e+00	1.367986e-02
4.709999999999944e+00	1.377187e-02
4.719999999999944e+00	1.386392e-02
4.729999999999944e+00	1.395603e-02
4.739999999999943e+00	1.404818e-02
4.749999999999943e+00	1.414038e-02
4.759999999999943e+00	1.423263e-02
4.769999999999943e+00	1.432492e-02
4.779999999999943e+00	1.441726e-02
4.789999999999942e+00	1.450964e-02
4.799999999999942e+00	1.460207e-02
4.809999999999942e+00	1.469455e-02
4.819999999999942e+00	1.478706e-02
4.829999999999941e+00	1.487962e-02
4.839999999999941e+00	1.497222e-02
4.849999999999941e+00	1.506487e-02
4.859999999999941e+00	1.515755e-02
4.869999999999941e+00	1.525028e-02
4.879999999999940e+00	1.534305e-02
4.889999999999940e+00	1.543586e-02
4.899999999999940e+00	1.552871e-02
4.909999999999940e+00	1.562160e-02
4.919999999999940e+00	1.571453e-02
4.929999999999939e+00	1.580749e-02
4.939999999999939e+00	1.590050e-02
4.949999999999939e+00	1.599354e-02
4.959999999999939e+00	1.608662e-02
4.969999999999938e+00	1.617974e-02
4.979999999999938e+00	1.627289e-02
4.989999999999938e+00	1.636609e-02
5.000000000000000e+00	1.645931e-02
