v1	I(Dgreen)	I(Dred)	I(Dyellow)
0.000000000000000e+00	-2.802597e-44	-6.586103e-44	-4.203895e-44
1.000000000000000e-02	1.087483e-14	1.109215e-14	1.097149e-14
2.000000000000000e-02	2.182620e-14	2.230358e-14	2.203737e-14
3.000000000000000e-02	3.286080e-14	3.364731e-14	3.320680e-14
4.000000000000000e-02	4.398591e-14	4.513780e-14	4.448983e-14
5.000000000000000e-02	5.520944e-14	5.679107e-14	5.589751e-14
6.000000000000000e-02	6.654001e-14	6.862490e-14	6.744194e-14
7.000000000000001e-02	7.798699e-14	8.065902e-14	7.913642e-14
8.000000000000000e-02	8.956056e-14	9.291529e-14	9.099552e-14
9.000000000000000e-02	1.012718e-13	1.054180e-13	1.030352e-13
9.999999999999999e-02	1.131327e-13	1.181940e-13	1.152731e-13
1.100000000000000e-01	1.251564e-13	1.312732e-13	1.277284e-13
1.200000000000000e-01	1.373572e-13	1.446887e-13	1.404222e-13
1.300000000000000e-01	1.497505e-13	1.584772e-13	1.533776e-13
1.400000000000000e-01	1.623532e-13	1.726795e-13	1.666203e-13
1.500000000000000e-01	1.751836e-13	1.873408e-13	1.801779e-13
1.600000000000000e-01	1.882616e-13	2.025111e-13	1.940812e-13
1.700000000000000e-01	2.016088e-13	2.182460e-13	2.083636e-13
1.800000000000000e-01	2.152489e-13	2.346074e-13	2.230621e-13
1.900000000000000e-01	2.292074e-13	2.516635e-13	2.382171e-13
2.000000000000000e-01	2.435123e-13	2.694902e-13	2.538729e-13
2.100000000000000e-01	2.581937e-13	2.881717e-13	2.700781e-13
2.200000000000001e-01	2.732847e-13	3.078014e-13	2.868862e-13
2.300000000000001e-01	2.888211e-13	3.284827e-13	3.043556e-13
2.400000000000001e-01	3.048417e-13	3.503307e-13	3.225507e-13
2.500000000000001e-01	3.213892e-13	3.734725e-13	3.415420e-13
2.600000000000001e-01	3.385094e-13	3.980497e-13	3.614067e-13
2.700000000000001e-01	3.562525e-13	4.242190e-13	3.822298e-13
2.800000000000001e-01	3.746730e-13	4.521541e-13	4.041044e-13
2.900000000000001e-01	3.938301e-13	4.820480e-13	4.271326e-13
3.000000000000001e-01	4.137884e-13	5.141147e-13	4.514264e-13
3.100000000000001e-01	4.346178e-13	5.485913e-13	4.771089e-13
3.200000000000001e-01	4.563946e-13	5.857412e-13	5.043150e-13
3.300000000000001e-01	4.792017e-13	6.258562e-13	5.331926e-13
3.400000000000001e-01	5.031293e-13	6.692603e-13	5.639042e-13
3.500000000000001e-01	5.282752e-13	7.163125e-13	5.966278e-13
3.600000000000002e-01	5.547462e-13	7.674115e-13	6.315591e-13
3.700000000000002e-01	5.826581e-13	8.229990e-13	6.689125e-13
3.800000000000002e-01	6.121370e-13	8.835654e-13	7.089232e-13
3.900000000000002e-01	6.433200e-13	9.496543e-13	7.518494e-13
4.000000000000002e-01	6.763562e-13	1.021869e-12	7.979744e-13
4.100000000000002e-01	7.114076e-13	1.100879e-12	8.476089e-13
4.200000000000002e-01	7.486506e-13	1.187425e-12	9.010939e-13
4.300000000000002e-01	7.882769e-13	1.282331e-12	9.588033e-13
4.400000000000002e-01	8.304951e-13	1.386511e-12	1.021148e-12
4.500000000000002e-01	8.755317e-13	1.500976e-12	1.088578e-12
4.600000000000002e-01	9.236336e-13	1.626850e-12	1.161587e-12
4.700000000000003e-01	9.750687e-13	1.765380e-12	1.240717e-12
4.800000000000003e-01	1.030129e-12	1.917946e-12	1.326563e-12
4.900000000000003e-01	1.089131e-12	2.086084e-12	1.419778e-12
5.000000000000002e-01	1.152420e-12	2.271492e-12	1.521077e-12
5.100000000000002e-01	1.220370e-12	2.476057e-12	1.631246e-12
5.200000000000002e-01	1.293391e-12	2.701872e-12	1.751146e-12
5.300000000000002e-01	1.371924e-12	2.951257e-12	1.881722e-12
5.400000000000003e-01	1.456454e-12	3.226786e-12	2.024013e-12
5.500000000000003e-01	1.547503e-12	3.531316e-12	2.179156e-12
5.600000000000003e-01	1.645643e-12	3.868012e-12	2.348399e-12
5.700000000000003e-01	1.751494e-12	4.240388e-12	2.533112e-12
5.800000000000003e-01	1.865730e-12	4.652341e-12	2.734799e-12
5.900000000000003e-01	1.989085e-12	5.108193e-12	2.955109e-12
6.000000000000003e-01	2.122356e-12	5.612739e-12	3.195849e-12
6.100000000000003e-01	2.266412e-12	6.171297e-12	3.459006e-12
6.200000000000003e-01	2.422196e-12	6.789765e-12	3.746757e-12
6.300000000000003e-01	2.590733e-12	7.474688e-12	4.061492e-12
6.400000000000003e-01	2.773139e-12	8.233321e-12	4.405831e-12
6.500000000000004e-01	2.970629e-12	9.073717e-12	4.782651e-12
6.600000000000004e-01	3.184520e-12	1.000480e-11	5.195108e-12
6.700000000000004e-01	3.416249e-12	1.103649e-11	5.646663e-12
6.800000000000004e-01	3.667375e-12	1.217975e-11	6.141115e-12
6.900000000000004e-01	3.939596e-12	1.344679e-11	6.682631e-12
7.000000000000004e-01	4.234756e-12	1.485111e-11	7.275784e-12
7.100000000000004e-01	4.554864e-12	1.640772e-11	7.925590e-12
7.200000000000004e-01	4.902101e-12	1.813323e-11	8.637552e-12
7.300000000000004e-01	5.278840e-12	2.004611e-11	9.417711e-12
7.400000000000004e-01	5.687663e-12	2.216681e-11	1.027269e-11
7.500000000000004e-01	6.131377e-12	2.451802e-11	1.120976e-11
7.600000000000005e-01	6.613033e-12	2.712494e-11	1.223689e-11
7.700000000000005e-01	7.135952e-12	3.001547e-11	1.336284e-11
7.800000000000005e-01	7.703742e-12	3.322061e-11	1.459719e-11
7.900000000000005e-01	8.320331e-12	3.677469e-11	1.595050e-11
8.000000000000005e-01	8.989984e-12	4.071585e-11	1.743431e-11
8.100000000000005e-01	9.717348e-12	4.508634e-11	1.906129e-11
8.200000000000005e-01	1.050747e-11	4.993307e-11	2.084537e-11
8.300000000000005e-01	1.136584e-11	5.530804e-11	2.280180e-11
8.400000000000005e-01	1.229842e-11	6.126894e-11	2.494732e-11
8.500000000000005e-01	1.331172e-11	6.787977e-11	2.730030e-11
8.600000000000005e-01	1.441279e-11	7.521151e-11	2.988091e-11
8.700000000000006e-01	1.560931e-11	8.334289e-11	3.271125e-11
8.800000000000006e-01	1.690963e-11	9.236124e-11	3.581558e-11
8.900000000000006e-01	1.832283e-11	1.023635e-10	3.922053e-11
9.000000000000006e-01	1.985879e-11	1.134569e-10	4.295529e-11
9.100000000000006e-01	2.152825e-11	1.257609e-10	4.705192e-11
9.200000000000006e-01	2.334288e-11	1.394076e-10	5.154555e-11
9.300000000000006e-01	2.531538e-11	1.545436e-10	5.647477e-11
9.400000000000006e-01	2.745957e-11	1.713316e-10	6.188190e-11
9.500000000000006e-01	2.979048e-11	1.899519e-10	6.781334e-11
9.600000000000006e-01	3.232441e-11	2.106049e-10	7.432005e-11
9.700000000000006e-01	3.507915e-11	2.335123e-10	8.145792e-11
9.800000000000006e-01	3.807402e-11	2.589204e-10	8.928825e-11
9.900000000000007e-01	4.133001e-11	2.871024e-10	9.787833e-11
1.000000000000001e+00	4.486997e-11	3.183613e-10	1.073020e-10
1.010000000000001e+00	4.871874e-11	3.530329e-10	1.176401e-10
1.020000000000001e+00	5.290333e-11	3.914901e-10	1.289816e-10
1.030000000000001e+00	5.745315e-11	4.341463e-10	1.414240e-10
1.040000000000001e+00	6.240011e-11	4.814601e-10	1.550742e-10
1.050000000000001e+00	6.777898e-11	5.339402e-10	1.700495e-10
1.060000000000001e+00	7.362754e-11	5.921508e-10	1.864787e-10
1.070000000000001e+00	7.998687e-11	6.567177e-10	2.045030e-10
1.080000000000001e+00	8.690167e-11	7.283352e-10	2.242774e-10
1.090000000000001e+00	9.442052e-11	8.077733e-10	2.459719e-10
1.100000000000001e+00	1.025963e-10	8.958861e-10	2.697730e-10
1.110000000000001e+00	1.114864e-10	9.936211e-10	2.958855e-10
1.120000000000001e+00	1.211534e-10	1.102029e-09	3.245337e-10
1.130000000000001e+00	1.316652e-10	1.222276e-09	3.559642e-10
1.140000000000001e+00	1.430957e-10	1.355654e-09	3.904471e-10
1.150000000000001e+00	1.555254e-10	1.503597e-09	4.282791e-10
1.160000000000001e+00	1.690415e-10	1.667698e-09	4.697854e-10
1.170000000000001e+00	1.837393e-10	1.849719e-09	5.153231e-10
1.180000000000001e+00	1.997219e-10	2.051619e-09	5.652838e-10
1.190000000000001e+00	2.171019e-10	2.275568e-09	6.200971e-10
1.200000000000001e+00	2.360016e-10	2.523974e-09	6.802346e-10
1.210000000000001e+00	2.565537e-10	2.799509e-09	7.462134e-10
1.220000000000001e+00	2.789029e-10	3.105135e-09	8.186011e-10
1.230000000000001e+00	3.032064e-10	3.444139e-09	8.980202e-10
1.240000000000001e+00	3.296352e-10	3.820165e-09	9.851538e-10
1.250000000000001e+00	3.583752e-10	4.237257e-09	1.080751e-09
1.260000000000001e+00	3.896287e-10	4.699901e-09	1.185635e-09
1.270000000000001e+00	4.236154e-10	5.213071e-09	1.300708e-09
1.280000000000001e+00	4.605745e-10	5.782285e-09	1.426958e-09
1.290000000000001e+00	5.007660e-10	6.413663e-09	1.565473e-09
1.300000000000001e+00	5.444727e-10	7.113996e-09	1.717443e-09
1.310000000000001e+00	5.920022e-10	7.890812e-09	1.884177e-09
1.320000000000001e+00	6.436889e-10	8.752466e-09	2.067107e-09
1.330000000000001e+00	6.998964e-10	9.708223e-09	2.267807e-09
1.340000000000001e+00	7.610202e-10	1.076836e-08	2.488005e-09
1.350000000000001e+00	8.274905e-10	1.194427e-08	2.729594e-09
1.360000000000001e+00	8.997750e-10	1.324861e-08	2.994652e-09
1.370000000000001e+00	9.783823e-10	1.469540e-08	3.285459e-09
1.380000000000001e+00	1.063865e-09	1.630019e-08	3.604516e-09
1.390000000000001e+00	1.156826e-09	1.808024e-08	3.954569e-09
1.400000000000001e+00	1.257918e-09	2.005469e-08	4.338628e-09
1.410000000000001e+00	1.367854e-09	2.224476e-08	4.759997e-09
1.420000000000001e+00	1.487406e-09	2.467402e-08	5.222300e-09
1.430000000000001e+00	1.617416e-09	2.736857e-08	5.729515e-09
1.440000000000001e+00	1.758798e-09	3.035738e-08	6.286003e-09
1.450000000000001e+00	1.912549e-09	3.367260e-08	6.896552e-09
1.460000000000001e+00	2.079749e-09	3.734985e-08	7.566414e-09
1.470000000000001e+00	2.261575e-09	4.142869e-08	8.301352e-09
1.480000000000001e+00	2.459308e-09	4.595295e-08	9.107685e-09
1.490000000000001e+00	2.674337e-09	5.097128e-08	9.992352e-09
1.500000000000001e+00	2.908178e-09	5.653763e-08	1.096296e-08
1.510000000000001e+00	3.162474e-09	6.271182e-08	1.202786e-08
1.520000000000001e+00	3.439016e-09	6.956024e-08	1.319621e-08
1.530000000000001e+00	3.739750e-09	7.715649e-08	1.447806e-08
1.540000000000001e+00	4.066793e-09	8.558222e-08	1.588444e-08
1.550000000000001e+00	4.422445e-09	9.492798e-08	1.742744e-08
1.560000000000001e+00	4.809209e-09	1.052942e-07	1.912034e-08
1.570000000000001e+00	5.229808e-09	1.167924e-07	2.097770e-08
1.580000000000001e+00	5.687201e-09	1.295460e-07	2.301549e-08
1.590000000000001e+00	6.184607e-09	1.436920e-07	2.525124e-08
1.600000000000001e+00	6.725526e-09	1.593826e-07	2.770417e-08
1.610000000000001e+00	7.313766e-09	1.767862e-07	3.039540e-08
1.620000000000001e+00	7.953465e-09	1.960898e-07	3.334807e-08
1.630000000000001e+00	8.649127e-09	2.175007e-07	3.658756e-08
1.640000000000001e+00	9.405644e-09	2.412489e-07	4.014174e-08
1.650000000000001e+00	1.022834e-08	2.675894e-07	4.404118e-08
1.660000000000001e+00	1.112301e-08	2.968050e-07	4.831942e-08
1.670000000000001e+00	1.209595e-08	3.292093e-07	5.301325e-08
1.680000000000001e+00	1.315400e-08	3.651500e-07	5.816304e-08
1.690000000000001e+00	1.430460e-08	4.050130e-07	6.381306e-08
1.700000000000001e+00	1.555587e-08	4.492256e-07	7.001191e-08
1.710000000000001e+00	1.691659e-08	4.982622e-07	7.681290e-08
1.720000000000001e+00	1.839635e-08	5.526485e-07	8.427450e-08
1.730000000000001e+00	2.000556e-08	6.129675e-07	9.246087e-08
1.740000000000001e+00	2.175554e-08	6.798653e-07	1.014424e-07
1.750000000000001e+00	2.365861e-08	7.540585e-07	1.112963e-07
1.760000000000001e+00	2.572817e-08	8.363414e-07	1.221073e-07
1.770000000000001e+00	2.797876e-08	9.275944e-07	1.339683e-07
1.780000000000001e+00	3.042623e-08	1.028793e-06	1.469814e-07
1.790000000000001e+00	3.308780e-08	1.141020e-06	1.612582e-07
1.800000000000001e+00	3.598221e-08	1.265473e-06	1.769217e-07
1.810000000000001e+00	3.912981e-08	1.403480e-06	1.941063e-07
1.820000000000001e+00	4.255275e-08	1.556514e-06	2.129597e-07
1.830000000000001e+00	4.627512e-08	1.726205e-06	2.336440e-07
1.840000000000001e+00	5.032311e-08	1.914358e-06	2.563368e-07
1.850000000000001e+00	5.472519e-08	2.122976e-06	2.812332e-07
1.860000000000001e+00	5.951235e-08	2.354271e-06	3.085469e-07
1.870000000000001e+00	6.471826e-08	2.610698e-06	3.385125e-07
1.880000000000001e+00	7.037956e-08	2.894972e-06	3.713873e-07
1.890000000000001e+00	7.653605e-08	3.210097e-06	4.074537e-07
1.900000000000001e+00	8.323107e-08	3.559398e-06	4.470210e-07
1.910000000000001e+00	9.051170e-08	3.946554e-06	4.904290e-07
1.920000000000001e+00	9.842918e-08	4.375629e-06	5.380500e-07
1.930000000000001e+00	1.070392e-07	4.851121e-06	5.902925e-07
1.940000000000002e+00	1.164023e-07	5.377997e-06	6.476046e-07
1.950000000000002e+00	1.265843e-07	5.961746e-06	7.104775e-07
1.960000000000002e+00	1.376569e-07	6.608426e-06	7.794500e-07
1.970000000000002e+00	1.496979e-07	7.324723e-06	8.551130e-07
1.980000000000002e+00	1.627920e-07	8.118014e-06	9.381145e-07
1.990000000000002e+00	1.770314e-07	8.996427e-06	1.029165e-06
2.000000000000001e+00	1.925161e-07	9.968916e-06	1.129043e-06
2.010000000000001e+00	2.093549e-07	1.104534e-05	1.238603e-06
2.020000000000001e+00	2.276663e-07	1.223654e-05	1.358781e-06
2.030000000000001e+00	2.475791e-07	1.355442e-05	1.490604e-06
2.040000000000000e+00	2.692331e-07	1.501206e-05	1.635196e-06
2.050000000000000e+00	2.927806e-07	1.662381e-05	1.793790e-06
2.060000000000000e+00	3.183870e-07	1.840536e-05	1.967738e-06
2.070000000000000e+00	3.462324e-07	2.037388e-05	2.158521e-06
2.080000000000000e+00	3.765123e-07	2.254814e-05	2.367761e-06
2.089999999999999e+00	4.094394e-07	2.494858e-05	2.597235e-06
2.099999999999999e+00	4.452450e-07	2.759746e-05	2.848890e-06
2.109999999999999e+00	4.841806e-07	3.051895e-05	3.124859e-06
2.119999999999999e+00	5.265196e-07	3.373927e-05	3.427475e-06
2.129999999999999e+00	5.725590e-07	3.728674e-05	3.759296e-06
2.139999999999998e+00	6.226222e-07	4.119193e-05	4.123119e-06
2.149999999999998e+00	6.770602e-07	4.548770e-05	4.522004e-06
2.159999999999998e+00	7.362551e-07	5.020931e-05	4.959304e-06
2.169999999999998e+00	8.006218e-07	5.539439e-05	5.438680e-06
2.179999999999997e+00	8.706116e-07	6.108305e-05	5.964139e-06
2.189999999999997e+00	9.467152e-07	6.731778e-05	6.540059e-06
2.199999999999997e+00	1.029465e-06	7.414346e-05	7.171224e-06
2.209999999999997e+00	1.119442e-06	8.160723e-05	7.862862e-06
2.219999999999997e+00	1.217275e-06	8.975837e-05	8.620676e-06
2.229999999999996e+00	1.323648e-06	9.864814e-05	9.450892e-06
2.239999999999996e+00	1.439305e-06	1.083294e-04	1.036030e-05
2.249999999999996e+00	1.565055e-06	1.188566e-04	1.135631e-05
2.259999999999996e+00	1.701777e-06	1.302850e-04	1.244698e-05
2.269999999999996e+00	1.850423e-06	1.426706e-04	1.364108e-05
2.279999999999995e+00	2.012031e-06	1.560697e-04	1.494818e-05
2.289999999999995e+00	2.187729e-06	1.705380e-04	1.637865e-05
2.299999999999995e+00	2.378737e-06	1.861306e-04	1.794377e-05
2.309999999999995e+00	2.586387e-06	2.029010e-04	1.965578e-05
2.319999999999995e+00	2.812120e-06	2.209007e-04	2.152793e-05
2.329999999999994e+00	3.057505e-06	2.401788e-04	2.357458e-05
2.339999999999994e+00	3.324242e-06	2.607811e-04	2.581126e-05
2.349999999999994e+00	3.614179e-06	2.827499e-04	2.825473e-05
2.359999999999994e+00	3.929321e-06	3.061233e-04	3.092306e-05
2.369999999999993e+00	4.271844e-06	3.309351e-04	3.383572e-05
2.379999999999993e+00	4.644110e-06	3.572142e-04	3.701363e-05
2.389999999999993e+00	5.048679e-06	3.849846e-04	4.047922e-05
2.399999999999993e+00	5.488331e-06	4.142651e-04	4.425649e-05
2.409999999999993e+00	5.966078e-06	4.450690e-04	4.837110e-05
2.419999999999992e+00	6.485187e-06	4.774049e-04	5.285039e-05
2.429999999999992e+00	7.049198e-06	5.112758e-04	5.772339e-05
2.439999999999992e+00	7.661948e-06	5.466802e-04	6.302090e-05
2.449999999999992e+00	8.327591e-06	5.836118e-04	6.877543e-05
2.459999999999992e+00	9.050627e-06	6.220598e-04	7.502123e-05
2.469999999999991e+00	9.835928e-06	6.620095e-04	8.179426e-05
2.479999999999991e+00	1.068876e-05	7.034424e-04	8.913207e-05
2.489999999999991e+00	1.161483e-05	7.463370e-04	9.707380e-05
2.499999999999991e+00	1.262028e-05	7.906686e-04	1.056600e-04
2.509999999999990e+00	1.371179e-05	8.364102e-04	1.149325e-04
2.519999999999990e+00	1.489654e-05	8.835325e-04	1.249342e-04
2.529999999999990e+00	1.618228e-05	9.320047e-04	1.357090e-04
2.539999999999990e+00	1.757739e-05	9.817944e-04	1.473013e-04
2.549999999999990e+00	1.909087e-05	1.032868e-03	1.597561e-04
2.559999999999989e+00	2.073244e-05	1.085192e-03	1.731182e-04
2.569999999999989e+00	2.251255e-05	1.138731e-03	1.874325e-04
2.579999999999989e+00	2.444244e-05	1.193451e-03	2.027430e-04
2.589999999999989e+00	2.653416e-05	1.249316e-03	2.190929e-04
2.599999999999989e+00	2.880066e-05	1.306291e-03	2.365240e-04
2.609999999999988e+00	3.125581e-05	1.364343e-03	2.550767e-04
2.619999999999988e+00	3.391448e-05	1.423436e-03	2.747889e-04
2.629999999999988e+00	3.679252e-05	1.483538e-03	2.956966e-04
2.639999999999988e+00	3.990689e-05	1.544614e-03	3.178329e-04
2.649999999999987e+00	4.327564e-05	1.606634e-03	3.412279e-04
2.659999999999987e+00	4.691801e-05	1.669566e-03	3.659085e-04
2.669999999999987e+00	5.085439e-05	1.733379e-03	3.918982e-04
2.679999999999987e+00	5.510645e-05	1.798043e-03	4.192171e-04
2.689999999999987e+00	5.969707e-05	1.863530e-03	4.478813e-04
2.699999999999986e+00	6.465046e-05	1.929812e-03	4.779034e-04
2.709999999999986e+00	6.999204e-05	1.996861e-03	5.092921e-04
2.719999999999986e+00	7.574861e-05	2.064652e-03	5.420527e-04
2.729999999999986e+00	8.194817e-05	2.133160e-03	5.761865e-04
2.739999999999986e+00	8.862002e-05	2.202360e-03	6.116916e-04
2.749999999999985e+00	9.579467e-05	2.272229e-03	6.485626e-04
2.759999999999985e+00	1.035038e-04	2.342744e-03	6.867911e-04
2.769999999999985e+00	1.117801e-04	2.413884e-03	7.263658e-04
2.779999999999985e+00	1.206573e-04	2.485628e-03	7.672727e-04
2.789999999999984e+00	1.301702e-04	2.557955e-03	8.094952e-04
2.799999999999984e+00	1.403540e-04	2.630848e-03	8.530148e-04
2.809999999999984e+00	1.512449e-04	2.704286e-03	8.978110e-04
2.819999999999984e+00	1.628793e-04	2.778253e-03	9.438613e-04
2.829999999999984e+00	1.752939e-04	2.852730e-03	9.911421e-04
2.839999999999983e+00	1.885255e-04	2.927703e-03	1.039629e-03
2.849999999999983e+00	2.026108e-04	3.003154e-03	1.089295e-03
2.859999999999983e+00	2.175860e-04	3.079070e-03	1.140115e-03
2.869999999999983e+00	2.334867e-04	3.155435e-03	1.192060e-03
2.879999999999983e+00	2.503477e-04	3.232234e-03	1.245104e-03
2.889999999999982e+00	2.682026e-04	3.309456e-03	1.299217e-03
2.899999999999982e+00	2.870838e-04	3.387087e-03	1.354374e-03
2.909999999999982e+00	3.070219e-04	3.465114e-03	1.410544e-03
2.919999999999982e+00	3.280458e-04	3.543526e-03	1.467702e-03
2.929999999999982e+00	3.501825e-04	3.622311e-03	1.525818e-03
2.939999999999981e+00	3.734565e-04	3.701458e-03	1.584866e-03
2.949999999999981e+00	3.978903e-04	3.780956e-03	1.644818e-03
2.959999999999981e+00	4.235035e-04	3.860796e-03	1.705649e-03
2.969999999999981e+00	4.503133e-04	3.940967e-03	1.767332e-03
2.979999999999980e+00	4.783342e-04	4.021461e-03	1.829842e-03
2.989999999999980e+00	5.075780e-04	4.102267e-03	1.893155e-03
2.999999999999980e+00	5.380535e-04	4.183378e-03	1.957246e-03
3.009999999999980e+00	5.697669e-04	4.264785e-03	2.022091e-03
3.019999999999980e+00	6.027218e-04	4.346479e-03	2.087668e-03
3.029999999999979e+00	6.369188e-04	4.428453e-03	2.153954e-03
3.039999999999979e+00	6.723563e-04	4.510700e-03	2.220929e-03
3.049999999999979e+00	7.090300e-04	4.593211e-03	2.288570e-03
3.059999999999979e+00	7.469333e-04	4.675981e-03	2.356858e-03
3.069999999999979e+00	7.860576e-04	4.759002e-03	2.425772e-03
3.079999999999978e+00	8.263921e-04	4.842268e-03	2.495295e-03
3.089999999999978e+00	8.679241e-04	4.925773e-03	2.565408e-03
3.099999999999978e+00	9.106393e-04	5.009510e-03	2.636092e-03
3.109999999999978e+00	9.545218e-04	5.093473e-03	2.707331e-03
3.119999999999977e+00	9.995544e-04	5.177658e-03	2.779108e-03
3.129999999999977e+00	1.045719e-03	5.262059e-03	2.851408e-03
3.139999999999977e+00	1.092995e-03	5.346669e-03	2.924214e-03
3.149999999999977e+00	1.141363e-03	5.431485e-03	2.997512e-03
3.159999999999977e+00	1.190802e-03	5.516501e-03	3.071287e-03
3.169999999999976e+00	1.241290e-03	5.601713e-03	3.145526e-03
3.179999999999976e+00	1.292805e-03	5.687115e-03	3.220216e-03
3.189999999999976e+00	1.345324e-03	5.772704e-03	3.295342e-03
3.199999999999976e+00	1.398824e-03	5.858475e-03	3.370893e-03
3.209999999999976e+00	1.453283e-03	5.944424e-03	3.446857e-03
3.219999999999975e+00	1.508678e-03	6.030547e-03	3.523222e-03
3.229999999999975e+00	1.564986e-03	6.116839e-03	3.599978e-03
3.239999999999975e+00	1.622184e-03	6.203298e-03	3.677112e-03
3.249999999999975e+00	1.680250e-03	6.289920e-03	3.754615e-03
3.259999999999974e+00	1.739160e-03	6.376700e-03	3.832477e-03
3.269999999999974e+00	1.798894e-03	6.463636e-03	3.910688e-03
3.279999999999974e+00	1.859429e-03	6.550724e-03	3.989238e-03
3.289999999999974e+00	1.920745e-03	6.637961e-03	4.068119e-03
3.299999999999974e+00	1.982819e-03	6.725343e-03	4.147322e-03
3.309999999999973e+00	2.045632e-03	6.812869e-03	4.226839e-03
3.319999999999973e+00	2.109164e-03	6.900534e-03	4.306660e-03
3.329999999999973e+00	2.173394e-03	6.988336e-03	4.386779e-03
3.339999999999973e+00	2.238305e-03	7.076272e-03	4.467188e-03
3.349999999999973e+00	2.303876e-03	7.164339e-03	4.547880e-03
3.359999999999972e+00	2.370090e-03	7.252535e-03	4.628847e-03
3.369999999999972e+00	2.436929e-03	7.340857e-03	4.710082e-03
3.379999999999972e+00	2.504376e-03	7.429303e-03	4.791580e-03
3.389999999999972e+00	2.572414e-03	7.517869e-03	4.873333e-03
3.399999999999971e+00	2.641027e-03	7.606555e-03	4.955335e-03
3.409999999999971e+00	2.710199e-03	7.695357e-03	5.037581e-03
3.419999999999971e+00	2.779915e-03	7.784273e-03	5.120064e-03
3.429999999999971e+00	2.850160e-03	7.873302e-03	5.202778e-03
3.439999999999971e+00	2.920919e-03	7.962441e-03	5.285720e-03
3.449999999999970e+00	2.992179e-03	8.051688e-03	5.368882e-03
3.459999999999970e+00	3.063925e-03	8.141040e-03	5.452261e-03
3.469999999999970e+00	3.136146e-03	8.230497e-03	5.535851e-03
3.479999999999970e+00	3.208827e-03	8.320056e-03	5.619647e-03
3.489999999999970e+00	3.281958e-03	8.409714e-03	5.703644e-03
3.499999999999969e+00	3.355525e-03	8.499472e-03	5.787839e-03
3.509999999999969e+00	3.429518e-03	8.589326e-03	5.872227e-03
3.519999999999969e+00	3.503924e-03	8.679276e-03	5.956803e-03
3.529999999999969e+00	3.578735e-03	8.769318e-03	6.041565e-03
3.539999999999969e+00	3.653938e-03	8.859453e-03	6.126506e-03
3.549999999999968e+00	3.729524e-03	8.949677e-03	6.211624e-03
3.559999999999968e+00	3.805483e-03	9.039991e-03	6.296915e-03
3.569999999999968e+00	3.881805e-03	9.130391e-03	6.382375e-03
3.579999999999968e+00	3.958482e-03	9.220877e-03	6.468002e-03
3.589999999999967e+00	4.035505e-03	9.311447e-03	6.553790e-03
3.599999999999967e+00	4.112863e-03	9.402100e-03	6.639738e-03
3.609999999999967e+00	4.190551e-03	9.492834e-03	6.725841e-03
3.619999999999967e+00	4.268559e-03	9.583648e-03	6.812097e-03
3.629999999999967e+00	4.346879e-03	9.674542e-03	6.898502e-03
3.639999999999966e+00	4.425504e-03	9.765512e-03	6.985054e-03
3.649999999999966e+00	4.504427e-03	9.856559e-03	7.071749e-03
3.659999999999966e+00	4.583641e-03	9.947681e-03	7.158586e-03
3.669999999999966e+00	4.663138e-03	1.003888e-02	7.245561e-03
3.679999999999966e+00	4.742912e-03	1.013015e-02	7.332671e-03
3.689999999999965e+00	4.822957e-03	1.022149e-02	7.419914e-03
3.699999999999965e+00	4.903265e-03	1.031290e-02	7.507287e-03
3.709999999999965e+00	4.983833e-03	1.040438e-02	7.594789e-03
3.719999999999965e+00	5.064652e-03	1.049592e-02	7.682416e-03
3.729999999999964e+00	5.145717e-03	1.058754e-02	7.770166e-03
3.739999999999964e+00	5.227024e-03	1.067922e-02	7.858037e-03
3.749999999999964e+00	5.308567e-03	1.077097e-02	7.946027e-03
3.759999999999964e+00	5.390340e-03	1.086278e-02	8.034133e-03
3.769999999999964e+00	5.472337e-03	1.095465e-02	8.122355e-03
3.779999999999963e+00	5.554556e-03	1.104659e-02	8.210688e-03
3.789999999999963e+00	5.636990e-03	1.113859e-02	8.299132e-03
3.799999999999963e+00	5.719636e-03	1.123065e-02	8.387685e-03
3.809999999999963e+00	5.802487e-03	1.132277e-02	8.476344e-03
3.819999999999963e+00	5.885541e-03	1.141495e-02	8.565107e-03
3.829999999999962e+00	5.968793e-03	1.150718e-02	8.653975e-03
3.839999999999962e+00	6.052239e-03	1.159947e-02	8.742943e-03
3.849999999999962e+00	6.135874e-03	1.169182e-02	8.832010e-03
3.859999999999962e+00	6.219695e-03	1.178423e-02	8.921176e-03
3.869999999999961e+00	6.303699e-03	1.187669e-02	9.010438e-03
3.879999999999961e+00	6.387881e-03	1.196920e-02	9.099795e-03
3.889999999999961e+00	6.472238e-03	1.206177e-02	9.189244e-03
3.899999999999961e+00	6.556766e-03	1.215439e-02	9.278785e-03
3.909999999999961e+00	6.641462e-03	1.224706e-02	9.368417e-03
3.919999999999960e+00	6.726324e-03	1.233978e-02	9.458137e-03
3.929999999999960e+00	6.811346e-03	1.243256e-02	9.547944e-03
3.939999999999960e+00	6.896527e-03	1.252538e-02	9.637836e-03
3.949999999999960e+00	6.981863e-03	1.261826e-02	9.727814e-03
3.959999999999960e+00	7.067352e-03	1.271118e-02	9.817875e-03
3.969999999999959e+00	7.152990e-03	1.280415e-02	9.908017e-03
3.979999999999959e+00	7.238775e-03	1.289716e-02	9.998240e-03
3.989999999999959e+00	7.324704e-03	1.299023e-02	1.008854e-02
3.999999999999959e+00	7.410775e-03	1.308334e-02	1.017892e-02
4.009999999999959e+00	7.496984e-03	1.317649e-02	1.026938e-02
4.019999999999959e+00	7.583329e-03	1.326969e-02	1.035991e-02
4.029999999999959e+00	7.669809e-03	1.336294e-02	1.045052e-02
4.039999999999958e+00	7.756419e-03	1.345622e-02	1.054120e-02
4.049999999999958e+00	7.843159e-03	1.354956e-02	1.063196e-02
4.059999999999958e+00	7.930025e-03	1.364293e-02	1.072278e-02
4.069999999999958e+00	8.017017e-03	1.373635e-02	1.081368e-02
4.079999999999957e+00	8.104131e-03	1.382980e-02	1.090464e-02
4.089999999999957e+00	8.191364e-03	1.392330e-02	1.099568e-02
4.099999999999957e+00	8.278716e-03	1.401684e-02	1.108678e-02
4.109999999999957e+00	8.366184e-03	1.411042e-02	1.117794e-02
4.119999999999957e+00	8.453767e-03	1.420404e-02	1.126918e-02
4.129999999999956e+00	8.541461e-03	1.429770e-02	1.136047e-02
4.139999999999956e+00	8.629266e-03	1.439140e-02	1.145183e-02
4.149999999999956e+00	8.717180e-03	1.448514e-02	1.154326e-02
4.159999999999956e+00	8.805200e-03	1.457891e-02	1.163474e-02
4.169999999999956e+00	8.893326e-03	1.467273e-02	1.172629e-02
4.179999999999955e+00	8.981555e-03	1.476657e-02	1.181790e-02
4.189999999999955e+00	9.069886e-03	1.486046e-02	1.190956e-02
4.199999999999955e+00	9.158316e-03	1.495438e-02	1.200129e-02
4.209999999999955e+00	9.246846e-03	1.504834e-02	1.209307e-02
4.219999999999954e+00	9.335472e-03	1.514233e-02	1.218491e-02
4.229999999999954e+00	9.424194e-03	1.523636e-02	1.227681e-02
4.239999999999954e+00	9.513008e-03	1.533042e-02	1.236876e-02
4.249999999999954e+00	9.601917e-03	1.542452e-02	1.246077e-02
4.259999999999954e+00	9.690916e-03	1.551865e-02	1.255283e-02
4.269999999999953e+00	9.780005e-03	1.561281e-02	1.264494e-02
4.279999999999953e+00	9.869182e-03	1.570701e-02	1.273711e-02
4.289999999999953e+00	9.958445e-03	1.580124e-02	1.282933e-02
4.299999999999953e+00	1.004779e-02	1.589550e-02	1.292160e-02
4.309999999999953e+00	1.013723e-02	1.598979e-02	1.301392e-02
4.319999999999952e+00	1.022675e-02	1.608412e-02	1.310629e-02
4.329999999999952e+00	1.031634e-02	1.617848e-02	1.319871e-02
4.339999999999952e+00	1.040602e-02	1.627286e-02	1.329118e-02
4.349999999999952e+00	1.049578e-02	1.636728e-02	1.338370e-02
4.359999999999951e+00	1.058562e-02	1.646173e-02	1.347626e-02
4.369999999999951e+00	1.067553e-02	1.655621e-02	1.356888e-02
4.379999999999951e+00	1.076553e-02	1.665072e-02	1.366154e-02
4.389999999999951e+00	1.085559e-02	1.674526e-02	1.375424e-02
4.399999999999951e+00	1.094573e-02	1.683982e-02	1.384699e-02
4.409999999999950e+00	1.103594e-02	1.693442e-02	1.393979e-02
4.419999999999950e+00	1.112623e-02	1.702904e-02	1.403263e-02
4.429999999999950e+00	1.121659e-02	1.712370e-02	1.412551e-02
4.439999999999950e+00	1.130701e-02	1.721838e-02	1.421844e-02
4.449999999999950e+00	1.139751e-02	1.731308e-02	1.431141e-02
4.459999999999949e+00	1.148807e-02	1.740782e-02	1.440443e-02
4.469999999999949e+00	1.157870e-02	1.750258e-02	1.449748e-02
4.479999999999949e+00	1.166940e-02	1.759737e-02	1.459058e-02
4.489999999999949e+00	1.176016e-02	1.769219e-02	1.468371e-02
4.499999999999948e+00	1.185098e-02	1.778703e-02	1.477689e-02
4.509999999999948e+00	1.194187e-02	1.788190e-02	1.487011e-02
4.519999999999948e+00	1.203283e-02	1.797679e-02	1.496337e-02
4.529999999999948e+00	1.212384e-02	1.807171e-02	1.505666e-02
4.539999999999948e+00	1.221492e-02	1.816665e-02	1.515000e-02
4.549999999999947e+00	1.230605e-02	1.826162e-02	1.524337e-02
4.559999999999947e+00	1.239725e-02	1.835662e-02	1.533678e-02
4.569999999999947e+00	1.248851e-02	1.845164e-02	1.543023e-02
4.579999999999947e+00	1.257982e-02	1.854668e-02	1.552371e-02
4.589999999999947e+00	1.267119e-02	1.864175e-02	1.561723e-02
4.599999999999946e+00	1.276262e-02	1.873684e-02	1.571079e-02
4.609999999999946e+00	1.285410e-02	1.883196e-02	1.580439e-02
4.619999999999946e+00	1.294564e-02	1.892709e-02	1.589802e-02
4.629999999999946e+00	1.303723e-02	1.902225e-02	1.599168e-02
4.639999999999946e+00	1.312888e-02	1.911744e-02	1.608538e-02
4.649999999999945e+00	1.322058e-02	1.921265e-02	1.617911e-02
4.659999999999945e+00	1.331233e-02	1.930788e-02	1.627288e-02
4.669999999999945e+00	1.340414e-02	1.940313e-02	1.636668e-02
4.679999999999945e+00	1.349600e-02	1.949840e-02	1.646051e-02
4.689999999999944e+00	1.358790e-02	1.959370e-02	1.655438e-02
4.699999999999944e+00	1.367986e-02	1.968902e-02	1.664828e-02
4.709999999999944e+00	1.377187e-02	1.978436e-02	1.674221e-02
4.719999999999944e+00	1.386392e-02	1.987972e-02	1.683618e-02
4.729999999999944e+00	1.395603e-02	1.997510e-02	1.693017e-02
4.739999999999943e+00	1.404818e-02	2.007050e-02	1.702420e-02
4.749999999999943e+00	1.414038e-02	2.016593e-02	1.711825e-02
4.759999999999943e+00	1.423263e-02	2.026137e-02	1.721234e-02
4.769999999999943e+00	1.432492e-02	2.035684e-02	1.730646e-02
4.779999999999943e+00	1.441726e-02	2.045232e-02	1.740061e-02
4.789999999999942e+00	1.450964e-02	2.054783e-02	1.749479e-02
4.799999999999942e+00	1.460207e-02	2.064335e-02	1.758900e-02
4.809999999999942e+00	1.469455e-02	2.073890e-02	1.768323e-02
4.819999999999942e+00	1.478706e-02	2.083446e-02	1.777750e-02
4.829999999999941e+00	1.487962e-02	2.093005e-02	1.787179e-02
4.839999999999941e+00	1.497222e-02	2.102565e-02	1.796611e-02
4.849999999999941e+00	1.506487e-02	2.112127e-02	1.806046e-02
4.859999999999941e+00	1.515755e-02	2.121691e-02	1.815484e-02
4.869999999999941e+00	1.525028e-02	2.131257e-02	1.824925e-02
4.879999999999940e+00	1.534305e-02	2.140825e-02	1.834368e-02
4.889999999999940e+00	1.543586e-02	2.150395e-02	1.843814e-02
4.899999999999940e+00	1.552871e-02	2.159966e-02	1.853263e-02
4.909999999999940e+00	1.562160e-02	2.169540e-02	1.862714e-02
4.919999999999940e+00	1.571453e-02	2.179115e-02	1.872168e-02
4.929999999999939e+00	1.580749e-02	2.188692e-02	1.881625e-02
4.939999999999939e+00	1.590050e-02	2.198271e-02	1.891084e-02
4.949999999999939e+00	1.599354e-02	2.207851e-02	1.900546e-02
4.959999999999939e+00	1.608662e-02	2.217433e-02	1.910010e-02
4.969999999999938e+00	1.617974e-02	2.227017e-02	1.919477e-02
4.979999999999938e+00	1.627289e-02	2.236603e-02	1.928946e-02
4.989999999999938e+00	1.636609e-02	2.246190e-02	1.938418e-02
5.000000000000000e+00	1.645931e-02	2.255779e-02	1.947892e-02
