vi	V(si)	I(Si)
-5.000000000000000e+000	-5.000000e+000	-2.525001e-009
-4.990000000000000e+000	-4.989999e+000	-2.524991e-009
-4.980000000000000e+000	-4.980000e+000	-2.524980e-009
-4.970000000000001e+000	-4.969999e+000	-2.524971e-009
-4.960000000000001e+000	-4.960000e+000	-2.524961e-009
-4.950000000000001e+000	-4.949999e+000	-2.524950e-009
-4.940000000000001e+000	-4.940000e+000	-2.524941e-009
-4.930000000000002e+000	-4.929999e+000	-2.524930e-009
-4.920000000000002e+000	-4.920000e+000	-2.524921e-009
-4.910000000000002e+000	-4.909999e+000	-2.524911e-009
-4.900000000000002e+000	-4.900000e+000	-2.524901e-009
-4.890000000000002e+000	-4.889999e+000	-2.524891e-009
-4.880000000000003e+000	-4.880000e+000	-2.524880e-009
-4.870000000000003e+000	-4.869999e+000	-2.524871e-009
-4.860000000000003e+000	-4.860000e+000	-2.524861e-009
-4.850000000000003e+000	-4.849999e+000	-2.524850e-009
-4.840000000000003e+000	-4.840000e+000	-2.524841e-009
-4.830000000000004e+000	-4.829999e+000	-2.524830e-009
-4.820000000000004e+000	-4.820000e+000	-2.524821e-009
-4.810000000000004e+000	-4.809999e+000	-2.524811e-009
-4.800000000000004e+000	-4.800000e+000	-2.524800e-009
-4.790000000000005e+000	-4.789999e+000	-2.524791e-009
-4.780000000000005e+000	-4.780000e+000	-2.524780e-009
-4.770000000000005e+000	-4.770000e+000	-2.524771e-009
-4.760000000000005e+000	-4.759999e+000	-2.524761e-009
-4.750000000000005e+000	-4.750000e+000	-2.524750e-009
-4.740000000000006e+000	-4.739999e+000	-2.524741e-009
-4.730000000000006e+000	-4.730000e+000	-2.524730e-009
-4.720000000000006e+000	-4.719999e+000	-2.524721e-009
-4.710000000000006e+000	-4.710000e+000	-2.524711e-009
-4.700000000000006e+000	-4.699999e+000	-2.524700e-009
-4.690000000000007e+000	-4.690000e+000	-2.524691e-009
-4.680000000000007e+000	-4.679999e+000	-2.524680e-009
-4.670000000000007e+000	-4.670000e+000	-2.524671e-009
-4.660000000000007e+000	-4.659999e+000	-2.524661e-009
-4.650000000000008e+000	-4.650000e+000	-2.524650e-009
-4.640000000000008e+000	-4.639999e+000	-2.524641e-009
-4.630000000000008e+000	-4.630000e+000	-2.524630e-009
-4.620000000000008e+000	-4.619999e+000	-2.524621e-009
-4.610000000000008e+000	-4.610000e+000	-2.524611e-009
-4.600000000000009e+000	-4.599999e+000	-2.524600e-009
-4.590000000000009e+000	-4.590000e+000	-2.524591e-009
-4.580000000000009e+000	-4.579999e+000	-2.524580e-009
-4.570000000000009e+000	-4.570000e+000	-2.524571e-009
-4.560000000000009e+000	-4.559999e+000	-2.524561e-009
-4.550000000000010e+000	-4.550000e+000	-2.524550e-009
-4.540000000000010e+000	-4.539999e+000	-2.524541e-009
-4.530000000000010e+000	-4.530000e+000	-2.524531e-009
-4.520000000000010e+000	-4.520000e+000	-2.524521e-009
-4.510000000000010e+000	-4.509999e+000	-2.524511e-009
-4.500000000000011e+000	-4.500000e+000	-2.524500e-009
-4.490000000000011e+000	-4.489999e+000	-2.524491e-009
-4.480000000000011e+000	-4.480000e+000	-2.524482e-009
-4.470000000000011e+000	-4.469999e+000	-2.524470e-009
-4.460000000000012e+000	-4.460000e+000	-2.524461e-009
-4.450000000000012e+000	-4.449999e+000	-2.524450e-009
-4.440000000000012e+000	-4.440000e+000	-2.524441e-009
-4.430000000000012e+000	-4.429999e+000	-2.524431e-009
-4.420000000000012e+000	-4.420000e+000	-2.524420e-009
-4.410000000000013e+000	-4.409999e+000	-2.524411e-009
-4.400000000000013e+000	-4.400000e+000	-2.524400e-009
-4.390000000000013e+000	-4.389999e+000	-2.524391e-009
-4.380000000000013e+000	-4.380000e+000	-2.524381e-009
-4.370000000000013e+000	-4.369999e+000	-2.524370e-009
-4.360000000000014e+000	-4.360000e+000	-2.524361e-009
-4.350000000000014e+000	-4.349999e+000	-2.524350e-009
-4.340000000000014e+000	-4.340000e+000	-2.524341e-009
-4.330000000000014e+000	-4.329999e+000	-2.524331e-009
-4.320000000000015e+000	-4.320000e+000	-2.524320e-009
-4.310000000000015e+000	-4.309999e+000	-2.524311e-009
-4.300000000000015e+000	-4.300000e+000	-2.524300e-009
-4.290000000000015e+000	-4.289999e+000	-2.524291e-009
-4.280000000000015e+000	-4.280000e+000	-2.524281e-009
-4.270000000000016e+000	-4.270000e+000	-2.524270e-009
-4.260000000000016e+000	-4.259999e+000	-2.524261e-009
-4.250000000000016e+000	-4.250000e+000	-2.524250e-009
-4.240000000000016e+000	-4.239999e+000	-2.524241e-009
-4.230000000000016e+000	-4.230000e+000	-2.524231e-009
-4.220000000000017e+000	-4.219999e+000	-2.524220e-009
-4.210000000000017e+000	-4.210000e+000	-2.524211e-009
-4.200000000000017e+000	-4.199999e+000	-2.524200e-009
-4.190000000000017e+000	-4.190000e+000	-2.524191e-009
-4.180000000000018e+000	-4.179999e+000	-2.524181e-009
-4.170000000000018e+000	-4.170000e+000	-2.524170e-009
-4.160000000000018e+000	-4.159999e+000	-2.524161e-009
-4.150000000000018e+000	-4.150000e+000	-2.524150e-009
-4.140000000000018e+000	-4.139999e+000	-2.524140e-009
-4.130000000000019e+000	-4.130000e+000	-2.524131e-009
-4.120000000000019e+000	-4.119999e+000	-2.524120e-009
-4.110000000000019e+000	-4.110000e+000	-2.524111e-009
-4.100000000000019e+000	-4.099999e+000	-2.524100e-009
-4.090000000000019e+000	-4.090000e+000	-2.524090e-009
-4.080000000000020e+000	-4.079999e+000	-2.524081e-009
-4.070000000000020e+000	-4.070000e+000	-2.524070e-009
-4.060000000000020e+000	-4.059999e+000	-2.524061e-009
-4.050000000000020e+000	-4.050000e+000	-2.524050e-009
-4.040000000000021e+000	-4.039999e+000	-2.524041e-009
-4.030000000000021e+000	-4.030000e+000	-2.524031e-009
-4.020000000000021e+000	-4.020000e+000	-2.524020e-009
-4.010000000000021e+000	-4.009999e+000	-2.524011e-009
-4.000000000000021e+000	-4.000000e+000	-2.524001e-009
-3.990000000000022e+000	-3.990000e+000	-2.523990e-009
-3.980000000000022e+000	-3.980000e+000	-2.523980e-009
-3.970000000000022e+000	-3.970000e+000	-2.523971e-009
-3.960000000000022e+000	-3.960000e+000	-2.523961e-009
-3.950000000000022e+000	-3.950000e+000	-2.523951e-009
-3.940000000000023e+000	-3.940000e+000	-2.523940e-009
-3.930000000000023e+000	-3.930000e+000	-2.523930e-009
-3.920000000000023e+000	-3.920000e+000	-2.523921e-009
-3.910000000000023e+000	-3.910000e+000	-2.523911e-009
-3.900000000000023e+000	-3.899999e+000	-2.523900e-009
-3.890000000000024e+000	-3.889999e+000	-2.523890e-009
-3.880000000000024e+000	-3.879999e+000	-2.523880e-009
-3.870000000000024e+000	-3.869999e+000	-2.523871e-009
-3.860000000000024e+000	-3.859999e+000	-2.523861e-009
-3.850000000000025e+000	-3.849999e+000	-2.523850e-009
-3.840000000000025e+000	-3.839999e+000	-2.523840e-009
-3.830000000000025e+000	-3.829999e+000	-2.523831e-009
-3.820000000000025e+000	-3.819999e+000	-2.523821e-009
-3.810000000000025e+000	-3.809999e+000	-2.523810e-009
-3.800000000000026e+000	-3.799999e+000	-2.523801e-009
-3.790000000000026e+000	-3.789999e+000	-2.523790e-009
-3.780000000000026e+000	-3.779999e+000	-2.523781e-009
-3.770000000000026e+000	-3.770000e+000	-2.523771e-009
-3.760000000000026e+000	-3.760000e+000	-2.523761e-009
-3.750000000000027e+000	-3.750000e+000	-2.523750e-009
-3.740000000000027e+000	-3.740000e+000	-2.523740e-009
-3.730000000000027e+000	-3.730000e+000	-2.523731e-009
-3.720000000000027e+000	-3.720000e+000	-2.523721e-009
-3.710000000000028e+000	-3.710000e+000	-2.523711e-009
-3.700000000000028e+000	-3.700000e+000	-2.523700e-009
-3.690000000000028e+000	-3.690000e+000	-2.523690e-009
-3.680000000000028e+000	-3.680000e+000	-2.523681e-009
-3.670000000000028e+000	-3.670000e+000	-2.523671e-009
-3.660000000000029e+000	-3.660000e+000	-2.523660e-009
-3.650000000000029e+000	-3.649999e+000	-2.523650e-009
-3.640000000000029e+000	-3.639999e+000	-2.523640e-009
-3.630000000000029e+000	-3.629999e+000	-2.523631e-009
-3.620000000000029e+000	-3.619999e+000	-2.523621e-009
-3.610000000000030e+000	-3.609999e+000	-2.523610e-009
-3.600000000000030e+000	-3.599999e+000	-2.523600e-009
-3.590000000000030e+000	-3.589999e+000	-2.523591e-009
-3.580000000000030e+000	-3.579999e+000	-2.523581e-009
-3.570000000000031e+000	-3.569999e+000	-2.523570e-009
-3.560000000000031e+000	-3.559999e+000	-2.523560e-009
-3.550000000000031e+000	-3.549999e+000	-2.523550e-009
-3.540000000000031e+000	-3.539999e+000	-2.523541e-009
-3.530000000000031e+000	-3.529999e+000	-2.523531e-009
-3.520000000000032e+000	-3.520000e+000	-2.523521e-009
-3.510000000000032e+000	-3.510000e+000	-2.523510e-009
-3.500000000000032e+000	-3.500000e+000	-2.523500e-009
-3.490000000000032e+000	-3.490000e+000	-2.523491e-009
-3.480000000000032e+000	-3.480000e+000	-2.523481e-009
-3.470000000000033e+000	-3.470000e+000	-2.523471e-009
-3.460000000000033e+000	-3.460000e+000	-2.523460e-009
-3.450000000000033e+000	-3.450000e+000	-2.523450e-009
-3.440000000000033e+000	-3.440000e+000	-2.523441e-009
-3.430000000000034e+000	-3.430000e+000	-2.523431e-009
-3.420000000000034e+000	-3.420000e+000	-2.523420e-009
-3.410000000000034e+000	-3.410000e+000	-2.523410e-009
-3.400000000000034e+000	-3.399999e+000	-2.523400e-009
-3.390000000000034e+000	-3.389999e+000	-2.523391e-009
-3.380000000000035e+000	-3.379999e+000	-2.523381e-009
-3.370000000000035e+000	-3.369999e+000	-2.523370e-009
-3.360000000000035e+000	-3.359999e+000	-2.523360e-009
-3.350000000000035e+000	-3.349999e+000	-2.523350e-009
-3.340000000000035e+000	-3.339999e+000	-2.523341e-009
-3.330000000000036e+000	-3.329999e+000	-2.523330e-009
-3.320000000000036e+000	-3.319999e+000	-2.523320e-009
-3.310000000000036e+000	-3.309999e+000	-2.523310e-009
-3.300000000000036e+000	-3.299999e+000	-2.523301e-009
-3.290000000000037e+000	-3.289999e+000	-2.523291e-009
-3.280000000000037e+000	-3.279999e+000	-2.523280e-009
-3.270000000000037e+000	-3.270000e+000	-2.523270e-009
-3.260000000000037e+000	-3.260000e+000	-2.523260e-009
-3.250000000000037e+000	-3.250000e+000	-2.523251e-009
-3.240000000000038e+000	-3.240000e+000	-2.523241e-009
-3.230000000000038e+000	-3.230000e+000	-2.523231e-009
-3.220000000000038e+000	-3.220000e+000	-2.523220e-009
-3.210000000000038e+000	-3.210000e+000	-2.523210e-009
-3.200000000000038e+000	-3.200000e+000	-2.523201e-009
-3.190000000000039e+000	-3.190000e+000	-2.523191e-009
-3.180000000000039e+000	-3.180000e+000	-2.523180e-009
-3.170000000000039e+000	-3.170000e+000	-2.523170e-009
-3.160000000000039e+000	-3.160000e+000	-2.523160e-009
-3.150000000000039e+000	-3.149999e+000	-2.523151e-009
-3.140000000000040e+000	-3.139999e+000	-2.523141e-009
-3.130000000000040e+000	-3.129999e+000	-2.523130e-009
-3.120000000000040e+000	-3.119999e+000	-2.523120e-009
-3.110000000000040e+000	-3.109999e+000	-2.523110e-009
-3.100000000000041e+000	-3.099999e+000	-2.523101e-009
-3.090000000000041e+000	-3.089999e+000	-2.523090e-009
-3.080000000000041e+000	-3.079999e+000	-2.523080e-009
-3.070000000000041e+000	-3.069999e+000	-2.523070e-009
-3.060000000000041e+000	-3.059999e+000	-2.523061e-009
-3.050000000000042e+000	-3.049999e+000	-2.523051e-009
-3.040000000000042e+000	-3.039999e+000	-2.523040e-009
-3.030000000000042e+000	-3.029999e+000	-2.523030e-009
-3.020000000000042e+000	-3.020000e+000	-2.523020e-009
-3.010000000000042e+000	-3.010000e+000	-2.523011e-009
-3.000000000000043e+000	-3.000000e+000	-2.523001e-009
-2.990000000000043e+000	-2.990000e+000	-2.522990e-009
-2.980000000000043e+000	-2.980000e+000	-2.522980e-009
-2.970000000000043e+000	-2.970000e+000	-2.522970e-009
-2.960000000000044e+000	-2.960000e+000	-2.522961e-009
-2.950000000000044e+000	-2.950000e+000	-2.522951e-009
-2.940000000000044e+000	-2.940000e+000	-2.522940e-009
-2.930000000000044e+000	-2.930000e+000	-2.522930e-009
-2.920000000000044e+000	-2.920000e+000	-2.522920e-009
-2.910000000000045e+000	-2.910000e+000	-2.522911e-009
-2.900000000000045e+000	-2.899999e+000	-2.522901e-009
-2.890000000000045e+000	-2.889999e+000	-2.522890e-009
-2.880000000000045e+000	-2.879999e+000	-2.522880e-009
-2.870000000000045e+000	-2.869999e+000	-2.522870e-009
-2.860000000000046e+000	-2.859999e+000	-2.522861e-009
-2.850000000000046e+000	-2.849999e+000	-2.522850e-009
-2.840000000000046e+000	-2.839999e+000	-2.522840e-009
-2.830000000000046e+000	-2.829999e+000	-2.522830e-009
-2.820000000000047e+000	-2.819999e+000	-2.522820e-009
-2.810000000000047e+000	-2.809999e+000	-2.522811e-009
-2.800000000000047e+000	-2.799999e+000	-2.522800e-009
-2.790000000000047e+000	-2.789999e+000	-2.522790e-009
-2.780000000000047e+000	-2.779999e+000	-2.522780e-009
-2.770000000000048e+000	-2.770000e+000	-2.522771e-009
-2.760000000000048e+000	-2.760000e+000	-2.522761e-009
-2.750000000000048e+000	-2.750000e+000	-2.522750e-009
-2.740000000000048e+000	-2.740000e+000	-2.522740e-009
-2.730000000000048e+000	-2.730000e+000	-2.522730e-009
-2.720000000000049e+000	-2.720000e+000	-2.522721e-009
-2.710000000000049e+000	-2.710000e+000	-2.522710e-009
-2.700000000000049e+000	-2.700000e+000	-2.522700e-009
-2.690000000000049e+000	-2.690000e+000	-2.522690e-009
-2.680000000000050e+000	-2.680000e+000	-2.522680e-009
-2.670000000000050e+000	-2.670000e+000	-2.522671e-009
-2.660000000000050e+000	-2.660000e+000	-2.522661e-009
-2.650000000000050e+000	-2.649999e+000	-2.522650e-009
-2.640000000000050e+000	-2.639999e+000	-2.522640e-009
-2.630000000000051e+000	-2.629999e+000	-2.522630e-009
-2.620000000000051e+000	-2.619999e+000	-2.522621e-009
-2.610000000000051e+000	-2.609999e+000	-2.522610e-009
-2.600000000000051e+000	-2.599999e+000	-2.522600e-009
-2.590000000000051e+000	-2.589999e+000	-2.522590e-009
-2.580000000000052e+000	-2.579999e+000	-2.522580e-009
-2.570000000000052e+000	-2.569999e+000	-2.522571e-009
-2.560000000000052e+000	-2.559999e+000	-2.522560e-009
-2.550000000000052e+000	-2.549999e+000	-2.522550e-009
-2.540000000000052e+000	-2.539999e+000	-2.522540e-009
-2.530000000000053e+000	-2.529999e+000	-2.522531e-009
-2.520000000000053e+000	-2.520000e+000	-2.522521e-009
-2.510000000000053e+000	-2.510000e+000	-2.522510e-009
-2.500000000000053e+000	-2.500000e+000	-2.522500e-009
-2.490000000000054e+000	-2.490000e+000	-2.522490e-009
-2.480000000000054e+000	-2.480000e+000	-2.522481e-009
-2.470000000000054e+000	-2.470000e+000	-2.522470e-009
-2.460000000000054e+000	-2.460000e+000	-2.522460e-009
-2.450000000000054e+000	-2.450000e+000	-2.522450e-009
-2.440000000000055e+000	-2.440000e+000	-2.522440e-009
-2.430000000000055e+000	-2.430000e+000	-2.522431e-009
-2.420000000000055e+000	-2.420000e+000	-2.522420e-009
-2.410000000000055e+000	-2.410000e+000	-2.522410e-009
-2.400000000000055e+000	-2.399999e+000	-2.522400e-009
-2.390000000000056e+000	-2.389999e+000	-2.522390e-009
-2.380000000000056e+000	-2.379999e+000	-2.522381e-009
-2.370000000000056e+000	-2.369999e+000	-2.522370e-009
-2.360000000000056e+000	-2.359999e+000	-2.522360e-009
-2.350000000000057e+000	-2.349999e+000	-2.522350e-009
-2.340000000000057e+000	-2.339999e+000	-2.522340e-009
-2.330000000000057e+000	-2.329999e+000	-2.522331e-009
-2.320000000000057e+000	-2.319999e+000	-2.522320e-009
-2.310000000000057e+000	-2.309999e+000	-2.522310e-009
-2.300000000000058e+000	-2.299999e+000	-2.522300e-009
-2.290000000000058e+000	-2.289999e+000	-2.522290e-009
-2.280000000000058e+000	-2.279999e+000	-2.522281e-009
-2.270000000000058e+000	-2.270000e+000	-2.522270e-009
-2.260000000000058e+000	-2.260000e+000	-2.522260e-009
-2.250000000000059e+000	-2.250000e+000	-2.522250e-009
-2.240000000000059e+000	-2.240000e+000	-2.522241e-009
-2.230000000000059e+000	-2.230000e+000	-2.522230e-009
-2.220000000000059e+000	-2.220000e+000	-2.522220e-009
-2.210000000000060e+000	-2.210000e+000	-2.522210e-009
-2.200000000000060e+000	-2.200000e+000	-2.522200e-009
-2.190000000000060e+000	-2.190000e+000	-2.522191e-009
-2.180000000000060e+000	-2.180000e+000	-2.522180e-009
-2.170000000000060e+000	-2.170000e+000	-2.522170e-009
-2.160000000000061e+000	-2.160000e+000	-2.522160e-009
-2.150000000000061e+000	-2.149999e+000	-2.522150e-009
-2.140000000000061e+000	-2.139999e+000	-2.522140e-009
-2.130000000000061e+000	-2.129999e+000	-2.522130e-009
-2.120000000000061e+000	-2.119999e+000	-2.522120e-009
-2.110000000000062e+000	-2.109999e+000	-2.522110e-009
-2.100000000000062e+000	-2.099999e+000	-2.522100e-009
-2.090000000000062e+000	-2.089999e+000	-2.522091e-009
-2.080000000000062e+000	-2.079999e+000	-2.522080e-009
-2.070000000000063e+000	-2.069999e+000	-2.522070e-009
-2.060000000000063e+000	-2.059999e+000	-2.522060e-009
-2.050000000000063e+000	-2.049999e+000	-2.522050e-009
-2.040000000000063e+000	-2.039999e+000	-2.522041e-009
-2.030000000000063e+000	-2.029999e+000	-2.522030e-009
-2.020000000000064e+000	-2.020000e+000	-2.522020e-009
-2.010000000000064e+000	-2.010000e+000	-2.522010e-009
-2.000000000000064e+000	-2.000000e+000	-2.522000e-009
-1.990000000000064e+000	-1.990000e+000	-2.521990e-009
-1.980000000000064e+000	-1.980000e+000	-2.521980e-009
-1.970000000000064e+000	-1.970000e+000	-2.521970e-009
-1.960000000000064e+000	-1.959999e+000	-2.521960e-009
-1.950000000000064e+000	-1.949999e+000	-2.521950e-009
-1.940000000000064e+000	-1.939999e+000	-2.521940e-009
-1.930000000000064e+000	-1.929999e+000	-2.521930e-009
-1.920000000000064e+000	-1.919999e+000	-2.521920e-009
-1.910000000000064e+000	-1.909999e+000	-2.521910e-009
-1.900000000000064e+000	-1.899999e+000	-2.521900e-009
-1.890000000000064e+000	-1.890000e+000	-2.521890e-009
-1.880000000000064e+000	-1.880000e+000	-2.521880e-009
-1.870000000000064e+000	-1.870000e+000	-2.521870e-009
-1.860000000000064e+000	-1.860000e+000	-2.521860e-009
-1.850000000000064e+000	-1.850000e+000	-2.521850e-009
-1.840000000000064e+000	-1.839999e+000	-2.521840e-009
-1.830000000000064e+000	-1.829999e+000	-2.521830e-009
-1.820000000000064e+000	-1.819999e+000	-2.521820e-009
-1.810000000000064e+000	-1.809999e+000	-2.521810e-009
-1.800000000000064e+000	-1.799999e+000	-2.521800e-009
-1.790000000000064e+000	-1.789999e+000	-2.521790e-009
-1.780000000000064e+000	-1.779999e+000	-2.521780e-009
-1.770000000000064e+000	-1.770000e+000	-2.521770e-009
-1.760000000000064e+000	-1.760000e+000	-2.521760e-009
-1.750000000000064e+000	-1.750000e+000	-2.521750e-009
-1.740000000000064e+000	-1.740000e+000	-2.521740e-009
-1.730000000000064e+000	-1.730000e+000	-2.521730e-009
-1.720000000000064e+000	-1.720000e+000	-2.521720e-009
-1.710000000000064e+000	-1.709999e+000	-2.521710e-009
-1.700000000000064e+000	-1.699999e+000	-2.521700e-009
-1.690000000000064e+000	-1.689999e+000	-2.521690e-009
-1.680000000000064e+000	-1.679999e+000	-2.521680e-009
-1.670000000000064e+000	-1.669999e+000	-2.521670e-009
-1.660000000000064e+000	-1.659999e+000	-2.521660e-009
-1.650000000000064e+000	-1.649999e+000	-2.521650e-009
-1.640000000000064e+000	-1.640000e+000	-2.521640e-009
-1.630000000000064e+000	-1.630000e+000	-2.521630e-009
-1.620000000000064e+000	-1.620000e+000	-2.521620e-009
-1.610000000000064e+000	-1.610000e+000	-2.521610e-009
-1.600000000000064e+000	-1.600000e+000	-2.521600e-009
-1.590000000000064e+000	-1.589999e+000	-2.521590e-009
-1.580000000000064e+000	-1.579999e+000	-2.521580e-009
-1.570000000000064e+000	-1.569999e+000	-2.521570e-009
-1.560000000000064e+000	-1.559999e+000	-2.521560e-009
-1.550000000000064e+000	-1.549999e+000	-2.521550e-009
-1.540000000000064e+000	-1.539999e+000	-2.521540e-009
-1.530000000000064e+000	-1.529999e+000	-2.521530e-009
-1.520000000000064e+000	-1.520000e+000	-2.521520e-009
-1.510000000000064e+000	-1.510000e+000	-2.521510e-009
-1.500000000000064e+000	-1.500000e+000	-2.521500e-009
-1.490000000000064e+000	-1.490000e+000	-2.521490e-009
-1.480000000000064e+000	-1.480000e+000	-2.521480e-009
-1.470000000000064e+000	-1.470000e+000	-2.521470e-009
-1.460000000000064e+000	-1.459999e+000	-2.521460e-009
-1.450000000000064e+000	-1.449999e+000	-2.521450e-009
-1.440000000000064e+000	-1.439999e+000	-2.521440e-009
-1.430000000000063e+000	-1.429999e+000	-2.521430e-009
-1.420000000000063e+000	-1.419999e+000	-2.521420e-009
-1.410000000000063e+000	-1.409999e+000	-2.521410e-009
-1.400000000000063e+000	-1.399999e+000	-2.521400e-009
-1.390000000000063e+000	-1.390000e+000	-2.521390e-009
-1.380000000000063e+000	-1.380000e+000	-2.521380e-009
-1.370000000000063e+000	-1.370000e+000	-2.521370e-009
-1.360000000000063e+000	-1.360000e+000	-2.521360e-009
-1.350000000000063e+000	-1.350000e+000	-2.521350e-009
-1.340000000000063e+000	-1.339999e+000	-2.521340e-009
-1.330000000000063e+000	-1.329999e+000	-2.521330e-009
-1.320000000000063e+000	-1.319999e+000	-2.521320e-009
-1.310000000000063e+000	-1.309999e+000	-2.521310e-009
-1.300000000000063e+000	-1.299999e+000	-2.521300e-009
-1.290000000000063e+000	-1.289999e+000	-2.521290e-009
-1.280000000000063e+000	-1.279999e+000	-2.521280e-009
-1.270000000000063e+000	-1.270000e+000	-2.521270e-009
-1.260000000000063e+000	-1.260000e+000	-2.521260e-009
-1.250000000000063e+000	-1.250000e+000	-2.521250e-009
-1.240000000000063e+000	-1.240000e+000	-2.521240e-009
-1.230000000000063e+000	-1.230000e+000	-2.521230e-009
-1.220000000000063e+000	-1.220000e+000	-2.521220e-009
-1.210000000000063e+000	-1.209999e+000	-2.521210e-009
-1.200000000000063e+000	-1.199999e+000	-2.521200e-009
-1.190000000000063e+000	-1.189999e+000	-2.521190e-009
-1.180000000000063e+000	-1.179999e+000	-2.521180e-009
-1.170000000000063e+000	-1.169999e+000	-2.521170e-009
-1.160000000000063e+000	-1.159999e+000	-2.521160e-009
-1.150000000000063e+000	-1.149999e+000	-2.521150e-009
-1.140000000000063e+000	-1.140000e+000	-2.521140e-009
-1.130000000000063e+000	-1.130000e+000	-2.521130e-009
-1.120000000000063e+000	-1.120000e+000	-2.521120e-009
-1.110000000000063e+000	-1.110000e+000	-2.521110e-009
-1.100000000000063e+000	-1.100000e+000	-2.521100e-009
-1.090000000000063e+000	-1.089999e+000	-2.521090e-009
-1.080000000000063e+000	-1.079999e+000	-2.521080e-009
-1.070000000000063e+000	-1.069999e+000	-2.521070e-009
-1.060000000000063e+000	-1.059999e+000	-2.521060e-009
-1.050000000000063e+000	-1.049999e+000	-2.521050e-009
-1.040000000000063e+000	-1.039999e+000	-2.521040e-009
-1.030000000000063e+000	-1.029999e+000	-2.521030e-009
-1.020000000000063e+000	-1.020000e+000	-2.521020e-009
-1.010000000000063e+000	-1.010000e+000	-2.521010e-009
-1.000000000000063e+000	-9.999995e-001	-2.521000e-009
-9.900000000000631e-001	-9.899995e-001	-2.520990e-009
-9.800000000000630e-001	-9.799995e-001	-2.520980e-009
-9.700000000000630e-001	-9.699995e-001	-2.520970e-009
-9.600000000000630e-001	-9.599995e-001	-2.520960e-009
-9.500000000000630e-001	-9.499995e-001	-2.520950e-009
-9.400000000000630e-001	-9.399995e-001	-2.520940e-009
-9.300000000000630e-001	-9.299995e-001	-2.520930e-009
-9.200000000000630e-001	-9.199995e-001	-2.520920e-009
-9.100000000000630e-001	-9.099995e-001	-2.520910e-009
-9.000000000000630e-001	-8.999995e-001	-2.520900e-009
-8.900000000000630e-001	-8.899995e-001	-2.520890e-009
-8.800000000000630e-001	-8.799995e-001	-2.520880e-009
-8.700000000000630e-001	-8.699995e-001	-2.520870e-009
-8.600000000000629e-001	-8.599995e-001	-2.520860e-009
-8.500000000000629e-001	-8.499995e-001	-2.520850e-009
-8.400000000000629e-001	-8.399995e-001	-2.520840e-009
-8.300000000000629e-001	-8.299995e-001	-2.520830e-009
-8.200000000000629e-001	-8.199995e-001	-2.520820e-009
-8.100000000000629e-001	-8.099995e-001	-2.520810e-009
-8.000000000000629e-001	-7.999995e-001	-2.520800e-009
-7.900000000000629e-001	-7.899995e-001	-2.520790e-009
-7.800000000000629e-001	-7.799995e-001	-2.520780e-009
-7.700000000000629e-001	-7.699995e-001	-2.520770e-009
-7.600000000000629e-001	-7.599995e-001	-2.520760e-009
-7.500000000000628e-001	-7.499995e-001	-2.520750e-009
-7.400000000000628e-001	-7.399995e-001	-2.520740e-009
-7.300000000000628e-001	-7.299995e-001	-2.520730e-009
-7.200000000000628e-001	-7.199995e-001	-2.520720e-009
-7.100000000000628e-001	-7.099995e-001	-2.520710e-009
-7.000000000000628e-001	-6.999995e-001	-2.520700e-009
-6.900000000000628e-001	-6.899995e-001	-2.520689e-009
-6.800000000000628e-001	-6.799995e-001	-2.520679e-009
-6.700000000000628e-001	-6.699995e-001	-2.520669e-009
-6.600000000000628e-001	-6.599995e-001	-2.520659e-009
-6.500000000000628e-001	-6.499995e-001	-2.520649e-009
-6.400000000000627e-001	-6.399995e-001	-2.520638e-009
-6.300000000000627e-001	-6.299995e-001	-2.520628e-009
-6.200000000000627e-001	-6.199995e-001	-2.520617e-009
-6.100000000000627e-001	-6.099995e-001	-2.520606e-009
-6.000000000000627e-001	-5.999995e-001	-2.520596e-009
-5.900000000000627e-001	-5.899995e-001	-2.520584e-009
-5.800000000000627e-001	-5.799995e-001	-2.520573e-009
-5.700000000000627e-001	-5.699995e-001	-2.520561e-009
-5.600000000000627e-001	-5.599995e-001	-2.520549e-009
-5.500000000000627e-001	-5.499995e-001	-2.520536e-009
-5.400000000000627e-001	-5.399995e-001	-2.520523e-009
-5.300000000000626e-001	-5.299995e-001	-2.520509e-009
-5.200000000000626e-001	-5.199995e-001	-2.520494e-009
-5.100000000000626e-001	-5.099995e-001	-2.520478e-009
-5.000000000000626e-001	-4.999995e-001	-2.520459e-009
-4.900000000000626e-001	-4.899995e-001	-2.520439e-009
-4.800000000000626e-001	-4.799995e-001	-2.520417e-009
-4.700000000000626e-001	-4.699995e-001	-2.520391e-009
-4.600000000000626e-001	-4.599995e-001	-2.520362e-009
-4.500000000000626e-001	-4.499995e-001	-2.520327e-009
-4.400000000000626e-001	-4.399995e-001	-2.520287e-009
-4.300000000000626e-001	-4.299995e-001	-2.520239e-009
-4.200000000000626e-001	-4.199995e-001	-2.520182e-009
-4.100000000000625e-001	-4.099995e-001	-2.520113e-009
-4.000000000000625e-001	-3.999995e-001	-2.520030e-009
-3.900000000000625e-001	-3.899995e-001	-2.519929e-009
-3.800000000000625e-001	-3.799995e-001	-2.519805e-009
-3.700000000000625e-001	-3.699995e-001	-2.519653e-009
-3.600000000000625e-001	-3.599995e-001	-2.519466e-009
-3.500000000000625e-001	-3.499995e-001	-2.519236e-009
-3.400000000000625e-001	-3.399995e-001	-2.518950e-009
-3.300000000000625e-001	-3.299995e-001	-2.518597e-009
-3.200000000000625e-001	-3.199995e-001	-2.518159e-009
-3.100000000000625e-001	-3.099995e-001	-2.517616e-009
-3.000000000000624e-001	-2.999995e-001	-2.516941e-009
-2.900000000000624e-001	-2.899995e-001	-2.516101e-009
-2.800000000000624e-001	-2.799995e-001	-2.515057e-009
-2.700000000000624e-001	-2.699995e-001	-2.513757e-009
-2.600000000000624e-001	-2.599995e-001	-2.512139e-009
-2.500000000000624e-001	-2.499995e-001	-2.510124e-009
-2.400000000000624e-001	-2.399995e-001	-2.507613e-009
-2.300000000000624e-001	-2.299995e-001	-2.504486e-009
-2.200000000000624e-001	-2.199995e-001	-2.500588e-009
-2.100000000000624e-001	-2.099995e-001	-2.495731e-009
-2.000000000000624e-001	-1.999995e-001	-2.489676e-009
-1.900000000000623e-001	-1.899995e-001	-2.482129e-009
-1.800000000000623e-001	-1.799995e-001	-2.472721e-009
-1.700000000000623e-001	-1.699995e-001	-2.460993e-009
-1.600000000000623e-001	-1.599995e-001	-2.446370e-009
-1.500000000000623e-001	-1.499995e-001	-2.428141e-009
-1.400000000000623e-001	-1.399995e-001	-2.405412e-009
-1.300000000000623e-001	-1.299995e-001	-2.377073e-009
-1.200000000000623e-001	-1.199995e-001	-2.341740e-009
-1.100000000000623e-001	-1.099995e-001	-2.297684e-009
-1.000000000000623e-001	-9.999955e-002	-2.242753e-009
-9.000000000006231e-002	-8.999956e-002	-2.174261e-009
-8.000000000006231e-002	-7.999958e-002	-2.088860e-009
-7.000000000006232e-002	-6.999961e-002	-1.982374e-009
-6.000000000006232e-002	-5.999963e-002	-1.849597e-009
-5.000000000006231e-002	-4.999966e-002	-1.684037e-009
-4.000000000006231e-002	-3.999970e-002	-1.477601e-009
-3.000000000006231e-002	-2.999976e-002	-1.220195e-009
-2.000000000006231e-002	-1.999982e-002	-8.992331e-010
-1.000000000006231e-002	-9.999900e-003	-4.990239e-010
-6.230779781013496e-014	-6.230706e-014	-3.465093e-021
9.999999999937692e-003	9.999876e-003	6.222367e-010
1.999999999993769e-002	1.999972e-002	1.398108e-009
2.999999999993770e-002	2.999953e-002	2.365547e-009
3.999999999993770e-002	3.999928e-002	3.571850e-009
4.999999999993770e-002	4.999898e-002	5.075992e-009
5.999999999993770e-002	5.999861e-002	6.951504e-009
6.999999999993770e-002	6.999815e-002	9.290069e-009
7.999999999993769e-002	7.999756e-002	1.220600e-008
8.999999999993769e-002	8.999683e-002	1.584182e-008
9.999999999993768e-002	9.999593e-002	2.037523e-008
1.099999999999377e-001	1.099948e-001	2.602776e-008
1.199999999999377e-001	1.199934e-001	3.307561e-008
1.299999999999377e-001	1.299916e-001	4.186309e-008
1.399999999999377e-001	1.399894e-001	5.281941e-008
1.499999999999377e-001	1.499867e-001	6.647955e-008
1.599999999999377e-001	1.599833e-001	8.351032e-008
1.699999999999377e-001	1.699791e-001	1.047427e-007
1.799999999999377e-001	1.799738e-001	1.312122e-007
1.899999999999377e-001	1.899672e-001	1.642088e-007
1.999999999999377e-001	1.999589e-001	2.053394e-007
2.099999999999377e-001	2.099487e-001	2.566049e-007
2.199999999999378e-001	2.199359e-001	3.204964e-007
2.299999999999378e-001	2.299200e-001	4.001132e-007
2.399999999999378e-001	2.399001e-001	4.993105e-007
2.499999999999378e-001	2.498754e-001	6.228797e-007
2.599999999999378e-001	2.598446e-001	7.767716e-007
2.699999999999378e-001	2.698063e-001	9.683697e-007
2.799999999999378e-001	2.797586e-001	1.206824e-006
2.899999999999378e-001	2.896993e-001	1.503455e-006
2.999999999999378e-001	2.996255e-001	1.872245e-006
3.099999999999378e-001	3.095339e-001	2.330424e-006
3.199999999999378e-001	3.194202e-001	2.899159e-006
3.299999999999378e-001	3.292791e-001	3.604362e-006
3.399999999999379e-001	3.391045e-001	4.477619e-006
3.499999999999379e-001	3.488885e-001	5.557220e-006
3.599999999999379e-001	3.586221e-001	6.889271e-006
3.699999999999379e-001	3.682942e-001	8.528848e-006
3.799999999999379e-001	3.778918e-001	1.054108e-005
3.899999999999379e-001	3.873996e-001	1.300207e-005
3.999999999999379e-001	3.968001e-001	1.599944e-005
4.099999999999379e-001	4.060735e-001	1.963235e-005
4.199999999999379e-001	4.151979e-001	2.401069e-005
4.299999999999379e-001	4.241494e-001	2.925322e-005
4.399999999999379e-001	4.329031e-001	3.548464e-005
4.499999999999380e-001	4.414338e-001	4.283137e-005
4.599999999999380e-001	4.497168e-001	5.141645e-005
4.699999999999380e-001	4.577294e-001	6.135387e-005
4.799999999999380e-001	4.654517e-001	7.274292e-005
4.899999999999380e-001	4.728676e-001	8.566341e-005
4.999999999999380e-001	4.799659e-001	1.001721e-004
5.099999999999380e-001	4.867402e-001	1.163010e-004
5.199999999999380e-001	4.931889e-001	1.340575e-004
5.299999999999380e-001	4.993152e-001	1.534262e-004
5.399999999999380e-001	5.051261e-001	1.743719e-004
5.499999999999380e-001	5.106318e-001	1.968433e-004
5.599999999999380e-001	5.158451e-001	2.207771e-004
5.699999999999380e-001	5.207801e-001	2.461014e-004
5.799999999999380e-001	5.254525e-001	2.727397e-004
5.899999999999380e-001	5.298777e-001	3.006132e-004
5.999999999999380e-001	5.340717e-001	3.296435e-004
6.099999999999380e-001	5.380496e-001	3.597536e-004
6.199999999999381e-001	5.418264e-001	3.908697e-004
6.299999999999381e-001	5.454159e-001	4.229216e-004
6.399999999999381e-001	5.488315e-001	4.558434e-004
6.499999999999381e-001	5.520855e-001	4.895735e-004
6.599999999999381e-001	5.551893e-001	5.240545e-004
6.699999999999381e-001	5.581535e-001	5.592336e-004
6.799999999999381e-001	5.609878e-001	5.950619e-004
6.899999999999381e-001	5.637012e-001	6.314944e-004
6.999999999999381e-001	5.663021e-001	6.684899e-004
7.099999999999381e-001	5.687980e-001	7.060104e-004
7.199999999999381e-001	5.711959e-001	7.440209e-004
7.299999999999381e-001	5.735021e-001	7.824896e-004
7.399999999999382e-001	5.757226e-001	8.213870e-004
7.499999999999382e-001	5.778628e-001	8.606863e-004
7.599999999999382e-001	5.799276e-001	9.003624e-004
7.699999999999382e-001	5.819215e-001	9.403926e-004
7.799999999999382e-001	5.838488e-001	9.807559e-004
7.899999999999382e-001	5.857135e-001	1.021433e-003
7.999999999999382e-001	5.875190e-001	1.062405e-003
8.099999999999382e-001	5.892686e-001	1.103657e-003
8.199999999999382e-001	5.909655e-001	1.145173e-003
8.299999999999382e-001	5.926125e-001	1.186938e-003
8.399999999999382e-001	5.942122e-001	1.228939e-003
8.499999999999383e-001	5.957670e-001	1.271165e-003
8.599999999999383e-001	5.972793e-001	1.313604e-003
8.699999999999383e-001	5.987511e-001	1.356244e-003
8.799999999999383e-001	6.001845e-001	1.399078e-003
8.899999999999383e-001	6.015812e-001	1.442094e-003
8.999999999999383e-001	6.029430e-001	1.485285e-003
9.099999999999383e-001	6.042715e-001	1.528642e-003
9.199999999999383e-001	6.055682e-001	1.572159e-003
9.299999999999383e-001	6.068345e-001	1.615827e-003
9.399999999999383e-001	6.080718e-001	1.659641e-003
9.499999999999383e-001	6.092812e-001	1.703594e-003
9.599999999999384e-001	6.104640e-001	1.747680e-003
9.699999999999384e-001	6.116213e-001	1.791894e-003
9.799999999999384e-001	6.127540e-001	1.836230e-003
9.899999999999384e-001	6.138633e-001	1.880684e-003
9.999999999999384e-001	6.149499e-001	1.925250e-003
1.009999999999938e+000	6.160148e-001	1.969926e-003
1.019999999999938e+000	6.170588e-001	2.014706e-003
1.029999999999938e+000	6.180827e-001	2.059587e-003
1.039999999999938e+000	6.190872e-001	2.104564e-003
1.049999999999938e+000	6.200730e-001	2.149635e-003
1.059999999999938e+000	6.210408e-001	2.194796e-003
1.069999999999938e+000	6.219913e-001	2.240044e-003
1.079999999999938e+000	6.229249e-001	2.285375e-003
1.089999999999938e+000	6.238423e-001	2.330788e-003
1.099999999999938e+000	6.247441e-001	2.376280e-003
1.109999999999938e+000	6.256307e-001	2.421847e-003
1.119999999999938e+000	6.265026e-001	2.467487e-003
1.129999999999938e+000	6.273604e-001	2.513198e-003
1.139999999999938e+000	6.282045e-001	2.558978e-003
1.149999999999938e+000	6.290352e-001	2.604824e-003
1.159999999999938e+000	6.298530e-001	2.650735e-003
1.169999999999938e+000	6.306583e-001	2.696709e-003
1.179999999999938e+000	6.314515e-001	2.742743e-003
1.189999999999938e+000	6.322328e-001	2.788836e-003
1.199999999999938e+000	6.330028e-001	2.834986e-003
1.209999999999939e+000	6.337617e-001	2.881192e-003
1.219999999999939e+000	6.345097e-001	2.927451e-003
1.229999999999939e+000	6.352473e-001	2.973763e-003
1.239999999999939e+000	6.359747e-001	3.020126e-003
1.249999999999939e+000	6.366922e-001	3.066539e-003
1.259999999999939e+000	6.374000e-001	3.113000e-003
1.269999999999939e+000	6.380984e-001	3.159508e-003
1.279999999999939e+000	6.387877e-001	3.206062e-003
1.289999999999939e+000	6.394680e-001	3.252660e-003
1.299999999999939e+000	6.401397e-001	3.299301e-003
1.309999999999939e+000	6.408029e-001	3.345985e-003
1.319999999999939e+000	6.414579e-001	3.392711e-003
1.329999999999939e+000	6.421048e-001	3.439476e-003
1.339999999999939e+000	6.427439e-001	3.486281e-003
1.349999999999939e+000	6.433753e-001	3.533123e-003
1.359999999999939e+000	6.439993e-001	3.580004e-003
1.369999999999939e+000	6.446159e-001	3.626920e-003
1.379999999999939e+000	6.452255e-001	3.673873e-003
1.389999999999939e+000	6.458281e-001	3.720860e-003
1.399999999999939e+000	6.464238e-001	3.767881e-003
1.409999999999939e+000	6.470129e-001	3.814935e-003
1.419999999999939e+000	6.475956e-001	3.862022e-003
1.429999999999939e+000	6.481719e-001	3.909140e-003
1.439999999999939e+000	6.487420e-001	3.956290e-003
1.449999999999939e+000	6.493059e-001	4.003470e-003
1.459999999999939e+000	6.498640e-001	4.050680e-003
1.469999999999939e+000	6.504163e-001	4.097919e-003
1.479999999999939e+000	6.509628e-001	4.145186e-003
1.489999999999939e+000	6.515038e-001	4.192481e-003
1.499999999999939e+000	6.520393e-001	4.239804e-003
1.509999999999939e+000	6.525695e-001	4.287153e-003
1.519999999999939e+000	6.530944e-001	4.334528e-003
1.529999999999939e+000	6.536142e-001	4.381929e-003
1.539999999999939e+000	6.541289e-001	4.429355e-003
1.549999999999939e+000	6.546388e-001	4.476806e-003
1.559999999999939e+000	6.551437e-001	4.524281e-003
1.569999999999939e+000	6.556440e-001	4.571780e-003
1.579999999999939e+000	6.561396e-001	4.619302e-003
1.589999999999939e+000	6.566306e-001	4.666847e-003
1.599999999999939e+000	6.571172e-001	4.714414e-003
1.609999999999939e+000	6.575993e-001	4.762003e-003
1.619999999999939e+000	6.580772e-001	4.809614e-003
1.629999999999939e+000	6.585509e-001	4.857246e-003
1.639999999999939e+000	6.590203e-001	4.904898e-003
1.649999999999939e+000	6.594857e-001	4.952571e-003
1.659999999999939e+000	6.599471e-001	5.000264e-003
1.669999999999939e+000	6.604046e-001	5.047977e-003
1.679999999999939e+000	6.608581e-001	5.095710e-003
1.689999999999939e+000	6.613079e-001	5.143460e-003
1.699999999999939e+000	6.617540e-001	5.191230e-003
1.709999999999939e+000	6.621963e-001	5.239018e-003
1.719999999999939e+000	6.626351e-001	5.286824e-003
1.729999999999939e+000	6.630704e-001	5.334648e-003
1.739999999999939e+000	6.635021e-001	5.382489e-003
1.749999999999939e+000	6.639305e-001	5.430348e-003
1.759999999999939e+000	6.643554e-001	5.478223e-003
1.769999999999939e+000	6.647770e-001	5.526115e-003
1.779999999999939e+000	6.651954e-001	5.574023e-003
1.789999999999939e+000	6.656106e-001	5.621947e-003
1.799999999999939e+000	6.660226e-001	5.669887e-003
1.809999999999939e+000	6.664315e-001	5.717842e-003
1.819999999999939e+000	6.668373e-001	5.765813e-003
1.829999999999939e+000	6.672401e-001	5.813799e-003
1.839999999999939e+000	6.676400e-001	5.861800e-003
1.849999999999939e+000	6.680370e-001	5.909815e-003
1.859999999999939e+000	6.684310e-001	5.957845e-003
1.869999999999939e+000	6.688223e-001	6.005888e-003
1.879999999999939e+000	6.692107e-001	6.053946e-003
1.889999999999939e+000	6.695965e-001	6.102018e-003
1.899999999999939e+000	6.699795e-001	6.150103e-003
1.909999999999939e+000	6.703598e-001	6.198201e-003
1.919999999999939e+000	6.707375e-001	6.246313e-003
1.929999999999939e+000	6.711127e-001	6.294437e-003
1.939999999999939e+000	6.714852e-001	6.342574e-003
1.949999999999939e+000	6.718553e-001	6.390723e-003
1.959999999999939e+000	6.722229e-001	6.438886e-003
1.969999999999939e+000	6.725880e-001	6.487060e-003
1.979999999999939e+000	6.729507e-001	6.535246e-003
1.989999999999939e+000	6.733111e-001	6.583444e-003
1.999999999999939e+000	6.736691e-001	6.631654e-003
2.009999999999939e+000	6.740248e-001	6.679876e-003
2.019999999999939e+000	6.743783e-001	6.728109e-003
2.029999999999939e+000	6.747294e-001	6.776353e-003
2.039999999999938e+000	6.750784e-001	6.824608e-003
2.049999999999938e+000	6.754252e-001	6.872874e-003
2.059999999999938e+000	6.757698e-001	6.921151e-003
2.069999999999938e+000	6.761123e-001	6.969439e-003
2.079999999999938e+000	6.764526e-001	7.017737e-003
2.089999999999937e+000	6.767910e-001	7.066045e-003
2.099999999999937e+000	6.771272e-001	7.114364e-003
2.109999999999937e+000	6.774614e-001	7.162692e-003
2.119999999999937e+000	6.777937e-001	7.211031e-003
2.129999999999936e+000	6.781240e-001	7.259380e-003
2.139999999999936e+000	6.784523e-001	7.307739e-003
2.149999999999936e+000	6.787788e-001	7.356106e-003
2.159999999999936e+000	6.791033e-001	7.404484e-003
2.169999999999936e+000	6.794259e-001	7.452870e-003
2.179999999999935e+000	6.797467e-001	7.501266e-003
2.189999999999935e+000	6.800657e-001	7.549671e-003
2.199999999999935e+000	6.803828e-001	7.598086e-003
2.209999999999935e+000	6.806982e-001	7.646509e-003
2.219999999999935e+000	6.810119e-001	7.694941e-003
2.229999999999934e+000	6.813238e-001	7.743381e-003
2.239999999999934e+000	6.816339e-001	7.791830e-003
2.249999999999934e+000	6.819424e-001	7.840288e-003
2.259999999999934e+000	6.822492e-001	7.888754e-003
2.269999999999933e+000	6.825543e-001	7.937228e-003
2.279999999999933e+000	6.828578e-001	7.985711e-003
2.289999999999933e+000	6.831596e-001	8.034201e-003
2.299999999999933e+000	6.834599e-001	8.082700e-003
2.309999999999933e+000	6.837586e-001	8.131207e-003
2.319999999999932e+000	6.840557e-001	8.179721e-003
2.329999999999932e+000	6.843513e-001	8.228243e-003
2.339999999999932e+000	6.846454e-001	8.276773e-003
2.349999999999932e+000	6.849379e-001	8.325310e-003
2.359999999999932e+000	6.852289e-001	8.373856e-003
2.369999999999931e+000	6.855185e-001	8.422407e-003
2.379999999999931e+000	6.858066e-001	8.470966e-003
2.389999999999931e+000	6.860933e-001	8.519534e-003
2.399999999999931e+000	6.863785e-001	8.568107e-003
2.409999999999930e+000	6.866623e-001	8.616689e-003
2.419999999999930e+000	6.869447e-001	8.665277e-003
2.429999999999930e+000	6.872257e-001	8.713871e-003
2.439999999999930e+000	6.875054e-001	8.762473e-003
2.449999999999930e+000	6.877837e-001	8.811082e-003
2.459999999999929e+000	6.880606e-001	8.859697e-003
2.469999999999929e+000	6.883363e-001	8.908318e-003
2.479999999999929e+000	6.886106e-001	8.956947e-003
2.489999999999929e+000	6.888836e-001	9.005582e-003
2.499999999999929e+000	6.891553e-001	9.054223e-003
2.509999999999928e+000	6.894258e-001	9.102871e-003
2.519999999999928e+000	6.896949e-001	9.151525e-003
2.529999999999928e+000	6.899629e-001	9.200186e-003
2.539999999999928e+000	6.902297e-001	9.248852e-003
2.549999999999927e+000	6.904951e-001	9.297525e-003
2.559999999999927e+000	6.907594e-001	9.346203e-003
2.569999999999927e+000	6.910225e-001	9.394888e-003
2.579999999999927e+000	6.912844e-001	9.443578e-003
2.589999999999927e+000	6.915451e-001	9.492274e-003
2.599999999999926e+000	6.918047e-001	9.540976e-003
2.609999999999926e+000	6.920631e-001	9.589684e-003
2.619999999999926e+000	6.923204e-001	9.638398e-003
2.629999999999926e+000	6.925765e-001	9.687117e-003
2.639999999999926e+000	6.928316e-001	9.735842e-003
2.649999999999925e+000	6.930855e-001	9.784573e-003
2.659999999999925e+000	6.933383e-001	9.833308e-003
2.669999999999925e+000	6.935901e-001	9.882050e-003
2.679999999999925e+000	6.938407e-001	9.930796e-003
2.689999999999925e+000	6.940904e-001	9.979548e-003
2.699999999999924e+000	6.943389e-001	1.002831e-002
2.709999999999924e+000	6.945865e-001	1.007707e-002
2.719999999999924e+000	6.948329e-001	1.012584e-002
2.729999999999924e+000	6.950784e-001	1.017461e-002
2.739999999999923e+000	6.953228e-001	1.022339e-002
2.749999999999923e+000	6.955662e-001	1.027217e-002
2.759999999999923e+000	6.958086e-001	1.032096e-002
2.769999999999923e+000	6.960501e-001	1.036975e-002
2.779999999999923e+000	6.962906e-001	1.041855e-002
2.789999999999922e+000	6.965300e-001	1.046735e-002
2.799999999999922e+000	6.967686e-001	1.051616e-002
2.809999999999922e+000	6.970062e-001	1.056497e-002
2.819999999999922e+000	6.972428e-001	1.061379e-002
2.829999999999922e+000	6.974785e-001	1.066261e-002
2.839999999999921e+000	6.977133e-001	1.071143e-002
2.849999999999921e+000	6.979471e-001	1.076026e-002
2.859999999999921e+000	6.981800e-001	1.080910e-002
2.869999999999921e+000	6.984121e-001	1.085794e-002
2.879999999999920e+000	6.986432e-001	1.090678e-002
2.889999999999920e+000	6.988735e-001	1.095563e-002
2.899999999999920e+000	6.991028e-001	1.100449e-002
2.909999999999920e+000	6.993313e-001	1.105334e-002
2.919999999999920e+000	6.995589e-001	1.110221e-002
2.929999999999919e+000	6.997857e-001	1.115107e-002
2.939999999999919e+000	7.000116e-001	1.119994e-002
2.949999999999919e+000	7.002367e-001	1.124882e-002
2.959999999999919e+000	7.004610e-001	1.129770e-002
2.969999999999919e+000	7.006844e-001	1.134658e-002
2.979999999999918e+000	7.009069e-001	1.139547e-002
2.989999999999918e+000	7.011287e-001	1.144436e-002
2.999999999999918e+000	7.013497e-001	1.149325e-002
3.009999999999918e+000	7.015699e-001	1.154215e-002
3.019999999999917e+000	7.017893e-001	1.159105e-002
3.029999999999917e+000	7.020078e-001	1.163996e-002
3.039999999999917e+000	7.022256e-001	1.168887e-002
3.049999999999917e+000	7.024426e-001	1.173779e-002
3.059999999999917e+000	7.026589e-001	1.178671e-002
3.069999999999916e+000	7.028744e-001	1.183563e-002
3.079999999999916e+000	7.030891e-001	1.188455e-002
3.089999999999916e+000	7.033031e-001	1.193349e-002
3.099999999999916e+000	7.035163e-001	1.198242e-002
3.109999999999916e+000	7.037288e-001	1.203136e-002
3.119999999999915e+000	7.039406e-001	1.208030e-002
3.129999999999915e+000	7.041516e-001	1.212924e-002
3.139999999999915e+000	7.043619e-001	1.217819e-002
3.149999999999915e+000	7.045715e-001	1.222714e-002
3.159999999999914e+000	7.047804e-001	1.227610e-002
3.169999999999914e+000	7.049885e-001	1.232506e-002
3.179999999999914e+000	7.051960e-001	1.237402e-002
3.189999999999914e+000	7.054028e-001	1.242299e-002
3.199999999999914e+000	7.056089e-001	1.247196e-002
3.209999999999913e+000	7.058143e-001	1.252093e-002
3.219999999999913e+000	7.060190e-001	1.256991e-002
3.229999999999913e+000	7.062231e-001	1.261888e-002
3.239999999999913e+000	7.064264e-001	1.266787e-002
3.249999999999913e+000	7.066292e-001	1.271685e-002
3.259999999999912e+000	7.068312e-001	1.276584e-002
3.269999999999912e+000	7.070326e-001	1.281484e-002
3.279999999999912e+000	7.072334e-001	1.286383e-002
3.289999999999912e+000	7.074335e-001	1.291283e-002
3.299999999999911e+000	7.076330e-001	1.296183e-002
3.309999999999911e+000	7.078319e-001	1.301084e-002
3.319999999999911e+000	7.080300e-001	1.305985e-002
3.329999999999911e+000	7.082276e-001	1.310886e-002
3.339999999999911e+000	7.084246e-001	1.315788e-002
3.349999999999910e+000	7.086209e-001	1.320690e-002
3.359999999999910e+000	7.088166e-001	1.325592e-002
3.369999999999910e+000	7.090118e-001	1.330494e-002
3.379999999999910e+000	7.092063e-001	1.335397e-002
3.389999999999910e+000	7.094002e-001	1.340300e-002
3.399999999999909e+000	7.095936e-001	1.345203e-002
3.409999999999909e+000	7.097863e-001	1.350107e-002
3.419999999999909e+000	7.099785e-001	1.355011e-002
3.429999999999909e+000	7.101700e-001	1.359915e-002
3.439999999999909e+000	7.103610e-001	1.364820e-002
3.449999999999908e+000	7.105514e-001	1.369724e-002
3.459999999999908e+000	7.107413e-001	1.374629e-002
3.469999999999908e+000	7.109306e-001	1.379535e-002
3.479999999999908e+000	7.111193e-001	1.384440e-002
3.489999999999907e+000	7.113075e-001	1.389346e-002
3.499999999999907e+000	7.114950e-001	1.394252e-002
3.509999999999907e+000	7.116821e-001	1.399159e-002
3.519999999999907e+000	7.118686e-001	1.404066e-002
3.529999999999907e+000	7.120546e-001	1.408973e-002
3.539999999999906e+000	7.122400e-001	1.413880e-002
3.549999999999906e+000	7.124249e-001	1.418788e-002
3.559999999999906e+000	7.126093e-001	1.423695e-002
3.569999999999906e+000	7.127931e-001	1.428603e-002
3.579999999999906e+000	7.129764e-001	1.433512e-002
3.589999999999905e+000	7.131592e-001	1.438420e-002
3.599999999999905e+000	7.133415e-001	1.443329e-002
3.609999999999905e+000	7.135232e-001	1.448238e-002
3.619999999999905e+000	7.137045e-001	1.453148e-002
3.629999999999904e+000	7.138852e-001	1.458057e-002
3.639999999999904e+000	7.140654e-001	1.462967e-002
3.649999999999904e+000	7.142451e-001	1.467877e-002
3.659999999999904e+000	7.144244e-001	1.472788e-002
3.669999999999904e+000	7.146031e-001	1.477698e-002
3.679999999999903e+000	7.147813e-001	1.482609e-002
3.689999999999903e+000	7.149591e-001	1.487520e-002
3.699999999999903e+000	7.151363e-001	1.492432e-002
3.709999999999903e+000	7.153131e-001	1.497343e-002
3.719999999999903e+000	7.154894e-001	1.502255e-002
3.729999999999902e+000	7.156653e-001	1.507167e-002
3.739999999999902e+000	7.158406e-001	1.512080e-002
3.749999999999902e+000	7.160155e-001	1.516992e-002
3.759999999999902e+000	7.161900e-001	1.521905e-002
3.769999999999901e+000	7.163639e-001	1.526818e-002
3.779999999999901e+000	7.165374e-001	1.531731e-002
3.789999999999901e+000	7.167104e-001	1.536645e-002
3.799999999999901e+000	7.168831e-001	1.541558e-002
3.809999999999901e+000	7.170551e-001	1.546472e-002
3.819999999999900e+000	7.172269e-001	1.551387e-002
3.829999999999900e+000	7.173981e-001	1.556301e-002
3.839999999999900e+000	7.175689e-001	1.561216e-002
3.849999999999900e+000	7.177392e-001	1.566130e-002
3.859999999999900e+000	7.179092e-001	1.571045e-002
3.869999999999899e+000	7.180786e-001	1.575961e-002
3.879999999999899e+000	7.182477e-001	1.580876e-002
3.889999999999899e+000	7.184163e-001	1.585792e-002
3.899999999999899e+000	7.185844e-001	1.590708e-002
3.909999999999898e+000	7.187522e-001	1.595624e-002
3.919999999999898e+000	7.189195e-001	1.600540e-002
3.929999999999898e+000	7.190865e-001	1.605457e-002
3.939999999999898e+000	7.192529e-001	1.610374e-002
3.949999999999898e+000	7.194190e-001	1.615291e-002
3.959999999999897e+000	7.195847e-001	1.620208e-002
3.969999999999897e+000	7.197499e-001	1.625125e-002
3.979999999999897e+000	7.199148e-001	1.630043e-002
3.989999999999897e+000	7.200792e-001	1.634960e-002
3.999999999999897e+000	7.202433e-001	1.639878e-002
4.009999999999897e+000	7.204069e-001	1.644797e-002
4.019999999999897e+000	7.205701e-001	1.649715e-002
4.029999999999896e+000	7.207330e-001	1.654634e-002
4.039999999999896e+000	7.208954e-001	1.659552e-002
4.049999999999896e+000	7.210575e-001	1.664471e-002
4.059999999999896e+000	7.212192e-001	1.669390e-002
4.069999999999896e+000	7.213804e-001	1.674310e-002
4.079999999999895e+000	7.215413e-001	1.679229e-002
4.089999999999895e+000	7.217019e-001	1.684149e-002
4.099999999999895e+000	7.218620e-001	1.689069e-002
4.109999999999895e+000	7.220218e-001	1.693989e-002
4.119999999999894e+000	7.221811e-001	1.698910e-002
4.129999999999894e+000	7.223401e-001	1.703830e-002
4.139999999999894e+000	7.224988e-001	1.708751e-002
4.149999999999894e+000	7.226570e-001	1.713672e-002
4.159999999999894e+000	7.228149e-001	1.718592e-002
4.169999999999893e+000	7.229725e-001	1.723514e-002
4.179999999999893e+000	7.231296e-001	1.728435e-002
4.189999999999893e+000	7.232864e-001	1.733357e-002
4.199999999999893e+000	7.234429e-001	1.738279e-002
4.209999999999893e+000	7.235990e-001	1.743201e-002
4.219999999999892e+000	7.237546e-001	1.748123e-002
4.229999999999892e+000	7.239100e-001	1.753045e-002
4.239999999999892e+000	7.240651e-001	1.757967e-002
4.249999999999892e+000	7.242197e-001	1.762890e-002
4.259999999999891e+000	7.243741e-001	1.767813e-002
4.269999999999891e+000	7.245281e-001	1.772736e-002
4.279999999999891e+000	7.246817e-001	1.777659e-002
4.289999999999891e+000	7.248350e-001	1.782583e-002
4.299999999999891e+000	7.249879e-001	1.787506e-002
4.309999999999890e+000	7.251406e-001	1.792430e-002
4.319999999999890e+000	7.252929e-001	1.797354e-002
4.329999999999890e+000	7.254448e-001	1.802278e-002
4.339999999999890e+000	7.255964e-001	1.807202e-002
4.349999999999890e+000	7.257477e-001	1.812126e-002
4.359999999999889e+000	7.258986e-001	1.817051e-002
4.369999999999889e+000	7.260492e-001	1.821975e-002
4.379999999999889e+000	7.261996e-001	1.826900e-002
4.389999999999889e+000	7.263495e-001	1.831825e-002
4.399999999999888e+000	7.264991e-001	1.836750e-002
4.409999999999888e+000	7.266485e-001	1.841676e-002
4.419999999999888e+000	7.267975e-001	1.846601e-002
4.429999999999888e+000	7.269462e-001	1.851527e-002
4.439999999999888e+000	7.270946e-001	1.856453e-002
4.449999999999887e+000	7.272426e-001	1.861379e-002
4.459999999999887e+000	7.273904e-001	1.866305e-002
4.469999999999887e+000	7.275378e-001	1.871231e-002
4.479999999999887e+000	7.276850e-001	1.876158e-002
4.489999999999887e+000	7.278318e-001	1.881084e-002
4.499999999999886e+000	7.279783e-001	1.886011e-002
4.509999999999886e+000	7.281245e-001	1.890938e-002
4.519999999999886e+000	7.282704e-001	1.895865e-002
4.529999999999886e+000	7.284160e-001	1.900792e-002
4.539999999999886e+000	7.285613e-001	1.905719e-002
4.549999999999885e+000	7.287063e-001	1.910647e-002
4.559999999999885e+000	7.288510e-001	1.915574e-002
4.569999999999885e+000	7.289954e-001	1.920502e-002
4.579999999999885e+000	7.291396e-001	1.925430e-002
4.589999999999884e+000	7.292834e-001	1.930358e-002
4.599999999999884e+000	7.294269e-001	1.935286e-002
4.609999999999884e+000	7.295702e-001	1.940215e-002
4.619999999999884e+000	7.297131e-001	1.945143e-002
4.629999999999884e+000	7.298558e-001	1.950072e-002
4.639999999999883e+000	7.299982e-001	1.955001e-002
4.649999999999883e+000	7.301403e-001	1.959930e-002
4.659999999999883e+000	7.302821e-001	1.964859e-002
4.669999999999883e+000	7.304236e-001	1.969788e-002
4.679999999999883e+000	7.305649e-001	1.974718e-002
4.689999999999882e+000	7.307059e-001	1.979647e-002
4.699999999999882e+000	7.308466e-001	1.984577e-002
4.709999999999882e+000	7.309870e-001	1.989507e-002
4.719999999999882e+000	7.311271e-001	1.994436e-002
4.729999999999881e+000	7.312670e-001	1.999366e-002
4.739999999999881e+000	7.314066e-001	2.004297e-002
4.749999999999881e+000	7.315460e-001	2.009227e-002
4.759999999999881e+000	7.316850e-001	2.014158e-002
4.769999999999881e+000	7.318239e-001	2.019088e-002
4.779999999999880e+000	7.319624e-001	2.024019e-002
4.789999999999880e+000	7.321007e-001	2.028950e-002
4.799999999999880e+000	7.322387e-001	2.033881e-002
4.809999999999880e+000	7.323764e-001	2.038812e-002
4.819999999999880e+000	7.325139e-001	2.043743e-002
4.829999999999879e+000	7.326511e-001	2.048674e-002
4.839999999999879e+000	7.327881e-001	2.053606e-002
4.849999999999879e+000	7.329248e-001	2.058538e-002
4.859999999999879e+000	7.330613e-001	2.063469e-002
4.869999999999878e+000	7.331974e-001	2.068401e-002
4.879999999999878e+000	7.333333e-001	2.073333e-002
4.889999999999878e+000	7.334691e-001	2.078266e-002
4.899999999999878e+000	7.336045e-001	2.083198e-002
4.909999999999878e+000	7.337397e-001	2.088130e-002
4.919999999999877e+000	7.338746e-001	2.093063e-002
4.929999999999877e+000	7.340093e-001	2.097995e-002
4.939999999999877e+000	7.341437e-001	2.102928e-002
4.949999999999877e+000	7.342779e-001	2.107861e-002
4.959999999999877e+000	7.344118e-001	2.112794e-002
4.969999999999876e+000	7.345456e-001	2.117727e-002
4.979999999999876e+000	7.346790e-001	2.122661e-002
4.989999999999876e+000	7.348123e-001	2.127594e-002
5.000000000000000e+000	7.349452e-001	2.132527e-002
