vi	V(si)	Ix(Schottky2:+)
-5.000000000000000e+000	-4.999997e+000	-1.362432e-008
-4.990000000000000e+000	-4.989997e+000	-1.362346e-008
-4.980000000000000e+000	-4.979997e+000	-1.362259e-008
-4.970000000000001e+000	-4.969997e+000	-1.362173e-008
-4.960000000000001e+000	-4.959997e+000	-1.362086e-008
-4.950000000000001e+000	-4.949997e+000	-1.361999e-008
-4.940000000000001e+000	-4.939997e+000	-1.361912e-008
-4.930000000000002e+000	-4.929997e+000	-1.361826e-008
-4.920000000000002e+000	-4.919997e+000	-1.361739e-008
-4.910000000000002e+000	-4.909997e+000	-1.361652e-008
-4.900000000000002e+000	-4.899997e+000	-1.361566e-008
-4.890000000000002e+000	-4.889997e+000	-1.361479e-008
-4.880000000000003e+000	-4.879997e+000	-1.361393e-008
-4.870000000000003e+000	-4.869998e+000	-1.361306e-008
-4.860000000000003e+000	-4.859997e+000	-1.361219e-008
-4.850000000000003e+000	-4.849997e+000	-1.361132e-008
-4.840000000000003e+000	-4.839997e+000	-1.361046e-008
-4.830000000000004e+000	-4.829997e+000	-1.360959e-008
-4.820000000000004e+000	-4.819997e+000	-1.360872e-008
-4.810000000000004e+000	-4.809997e+000	-1.360785e-008
-4.800000000000004e+000	-4.799997e+000	-1.360698e-008
-4.790000000000005e+000	-4.789997e+000	-1.360612e-008
-4.780000000000005e+000	-4.779997e+000	-1.360525e-008
-4.770000000000005e+000	-4.769997e+000	-1.360438e-008
-4.760000000000005e+000	-4.759997e+000	-1.360351e-008
-4.750000000000005e+000	-4.749997e+000	-1.360264e-008
-4.740000000000006e+000	-4.739997e+000	-1.360177e-008
-4.730000000000006e+000	-4.729997e+000	-1.360090e-008
-4.720000000000006e+000	-4.719997e+000	-1.360003e-008
-4.710000000000006e+000	-4.709997e+000	-1.359916e-008
-4.700000000000006e+000	-4.699997e+000	-1.359829e-008
-4.690000000000007e+000	-4.689997e+000	-1.359742e-008
-4.680000000000007e+000	-4.679997e+000	-1.359655e-008
-4.670000000000007e+000	-4.669997e+000	-1.359569e-008
-4.660000000000007e+000	-4.659997e+000	-1.359481e-008
-4.650000000000008e+000	-4.649997e+000	-1.359394e-008
-4.640000000000008e+000	-4.639997e+000	-1.359307e-008
-4.630000000000008e+000	-4.629997e+000	-1.359220e-008
-4.620000000000008e+000	-4.619998e+000	-1.359133e-008
-4.610000000000008e+000	-4.609997e+000	-1.359046e-008
-4.600000000000009e+000	-4.599998e+000	-1.358958e-008
-4.590000000000009e+000	-4.589997e+000	-1.358871e-008
-4.580000000000009e+000	-4.579997e+000	-1.358784e-008
-4.570000000000009e+000	-4.569997e+000	-1.358697e-008
-4.560000000000009e+000	-4.559997e+000	-1.358610e-008
-4.550000000000010e+000	-4.549997e+000	-1.358523e-008
-4.540000000000010e+000	-4.539997e+000	-1.358435e-008
-4.530000000000010e+000	-4.529997e+000	-1.358348e-008
-4.520000000000010e+000	-4.519997e+000	-1.358261e-008
-4.510000000000010e+000	-4.509997e+000	-1.358173e-008
-4.500000000000011e+000	-4.499997e+000	-1.358086e-008
-4.490000000000011e+000	-4.489997e+000	-1.357999e-008
-4.480000000000011e+000	-4.479997e+000	-1.357912e-008
-4.470000000000011e+000	-4.469997e+000	-1.357824e-008
-4.460000000000012e+000	-4.459997e+000	-1.357737e-008
-4.450000000000012e+000	-4.449997e+000	-1.357649e-008
-4.440000000000012e+000	-4.439997e+000	-1.357562e-008
-4.430000000000012e+000	-4.429997e+000	-1.357474e-008
-4.420000000000012e+000	-4.419997e+000	-1.357387e-008
-4.410000000000013e+000	-4.409997e+000	-1.357300e-008
-4.400000000000013e+000	-4.399997e+000	-1.357212e-008
-4.390000000000013e+000	-4.389997e+000	-1.357125e-008
-4.380000000000013e+000	-4.379997e+000	-1.357037e-008
-4.370000000000013e+000	-4.369998e+000	-1.356950e-008
-4.360000000000014e+000	-4.359997e+000	-1.356862e-008
-4.350000000000014e+000	-4.349998e+000	-1.356775e-008
-4.340000000000014e+000	-4.339997e+000	-1.356687e-008
-4.330000000000014e+000	-4.329997e+000	-1.356599e-008
-4.320000000000015e+000	-4.319997e+000	-1.356512e-008
-4.310000000000015e+000	-4.309997e+000	-1.356424e-008
-4.300000000000015e+000	-4.299997e+000	-1.356337e-008
-4.290000000000015e+000	-4.289997e+000	-1.356249e-008
-4.280000000000015e+000	-4.279997e+000	-1.356161e-008
-4.270000000000016e+000	-4.269997e+000	-1.356073e-008
-4.260000000000016e+000	-4.259997e+000	-1.355986e-008
-4.250000000000016e+000	-4.249997e+000	-1.355898e-008
-4.240000000000016e+000	-4.239997e+000	-1.355810e-008
-4.230000000000016e+000	-4.229997e+000	-1.355722e-008
-4.220000000000017e+000	-4.219997e+000	-1.355634e-008
-4.210000000000017e+000	-4.209997e+000	-1.355547e-008
-4.200000000000017e+000	-4.199997e+000	-1.355459e-008
-4.190000000000017e+000	-4.189997e+000	-1.355371e-008
-4.180000000000018e+000	-4.179997e+000	-1.355283e-008
-4.170000000000018e+000	-4.169997e+000	-1.355195e-008
-4.160000000000018e+000	-4.159997e+000	-1.355107e-008
-4.150000000000018e+000	-4.149997e+000	-1.355019e-008
-4.140000000000018e+000	-4.139997e+000	-1.354932e-008
-4.130000000000019e+000	-4.129997e+000	-1.354844e-008
-4.120000000000019e+000	-4.119998e+000	-1.354756e-008
-4.110000000000019e+000	-4.109997e+000	-1.354667e-008
-4.100000000000019e+000	-4.099998e+000	-1.354579e-008
-4.090000000000019e+000	-4.089997e+000	-1.354492e-008
-4.080000000000020e+000	-4.079997e+000	-1.354403e-008
-4.070000000000020e+000	-4.069997e+000	-1.354315e-008
-4.060000000000020e+000	-4.059997e+000	-1.354227e-008
-4.050000000000020e+000	-4.049997e+000	-1.354139e-008
-4.040000000000021e+000	-4.039997e+000	-1.354051e-008
-4.030000000000021e+000	-4.029997e+000	-1.353963e-008
-4.020000000000021e+000	-4.019997e+000	-1.353875e-008
-4.010000000000021e+000	-4.009997e+000	-1.353786e-008
-4.000000000000021e+000	-3.999997e+000	-1.353698e-008
-3.990000000000022e+000	-3.989997e+000	-1.353610e-008
-3.980000000000022e+000	-3.979997e+000	-1.353522e-008
-3.970000000000022e+000	-3.969997e+000	-1.353433e-008
-3.960000000000022e+000	-3.959997e+000	-1.353345e-008
-3.950000000000022e+000	-3.949997e+000	-1.353257e-008
-3.940000000000023e+000	-3.939997e+000	-1.353168e-008
-3.930000000000023e+000	-3.929997e+000	-1.353080e-008
-3.920000000000023e+000	-3.919997e+000	-1.352992e-008
-3.910000000000023e+000	-3.909997e+000	-1.352903e-008
-3.900000000000023e+000	-3.899997e+000	-1.352815e-008
-3.890000000000024e+000	-3.889997e+000	-1.352726e-008
-3.880000000000024e+000	-3.879997e+000	-1.352638e-008
-3.870000000000024e+000	-3.869997e+000	-1.352550e-008
-3.860000000000024e+000	-3.859997e+000	-1.352461e-008
-3.850000000000025e+000	-3.849997e+000	-1.352372e-008
-3.840000000000025e+000	-3.839997e+000	-1.352284e-008
-3.830000000000025e+000	-3.829997e+000	-1.352195e-008
-3.820000000000025e+000	-3.819997e+000	-1.352107e-008
-3.810000000000025e+000	-3.809997e+000	-1.352018e-008
-3.800000000000026e+000	-3.799997e+000	-1.351929e-008
-3.790000000000026e+000	-3.789997e+000	-1.351841e-008
-3.780000000000026e+000	-3.779997e+000	-1.351752e-008
-3.770000000000026e+000	-3.769997e+000	-1.351663e-008
-3.760000000000026e+000	-3.759997e+000	-1.351574e-008
-3.750000000000027e+000	-3.749997e+000	-1.351486e-008
-3.740000000000027e+000	-3.739997e+000	-1.351397e-008
-3.730000000000027e+000	-3.729997e+000	-1.351308e-008
-3.720000000000027e+000	-3.719997e+000	-1.351220e-008
-3.710000000000028e+000	-3.709997e+000	-1.351131e-008
-3.700000000000028e+000	-3.699997e+000	-1.351042e-008
-3.690000000000028e+000	-3.689997e+000	-1.350953e-008
-3.680000000000028e+000	-3.679997e+000	-1.350864e-008
-3.670000000000028e+000	-3.669997e+000	-1.350775e-008
-3.660000000000029e+000	-3.659997e+000	-1.350686e-008
-3.650000000000029e+000	-3.649997e+000	-1.350597e-008
-3.640000000000029e+000	-3.639997e+000	-1.350508e-008
-3.630000000000029e+000	-3.629997e+000	-1.350419e-008
-3.620000000000029e+000	-3.619997e+000	-1.350330e-008
-3.610000000000030e+000	-3.609997e+000	-1.350241e-008
-3.600000000000030e+000	-3.599997e+000	-1.350152e-008
-3.590000000000030e+000	-3.589997e+000	-1.350063e-008
-3.580000000000030e+000	-3.579997e+000	-1.349974e-008
-3.570000000000031e+000	-3.569997e+000	-1.349885e-008
-3.560000000000031e+000	-3.559997e+000	-1.349795e-008
-3.550000000000031e+000	-3.549997e+000	-1.349706e-008
-3.540000000000031e+000	-3.539997e+000	-1.349617e-008
-3.530000000000031e+000	-3.529997e+000	-1.349528e-008
-3.520000000000032e+000	-3.519997e+000	-1.349438e-008
-3.510000000000032e+000	-3.509997e+000	-1.349349e-008
-3.500000000000032e+000	-3.499997e+000	-1.349260e-008
-3.490000000000032e+000	-3.489997e+000	-1.349170e-008
-3.480000000000032e+000	-3.479997e+000	-1.349081e-008
-3.470000000000033e+000	-3.469997e+000	-1.348991e-008
-3.460000000000033e+000	-3.459997e+000	-1.348902e-008
-3.450000000000033e+000	-3.449997e+000	-1.348813e-008
-3.440000000000033e+000	-3.439997e+000	-1.348723e-008
-3.430000000000034e+000	-3.429997e+000	-1.348634e-008
-3.420000000000034e+000	-3.419997e+000	-1.348544e-008
-3.410000000000034e+000	-3.409997e+000	-1.348455e-008
-3.400000000000034e+000	-3.399997e+000	-1.348365e-008
-3.390000000000034e+000	-3.389997e+000	-1.348275e-008
-3.380000000000035e+000	-3.379997e+000	-1.348186e-008
-3.370000000000035e+000	-3.369997e+000	-1.348096e-008
-3.360000000000035e+000	-3.359997e+000	-1.348006e-008
-3.350000000000035e+000	-3.349997e+000	-1.347916e-008
-3.340000000000035e+000	-3.339997e+000	-1.347827e-008
-3.330000000000036e+000	-3.329997e+000	-1.347737e-008
-3.320000000000036e+000	-3.319997e+000	-1.347647e-008
-3.310000000000036e+000	-3.309997e+000	-1.347557e-008
-3.300000000000036e+000	-3.299997e+000	-1.347468e-008
-3.290000000000037e+000	-3.289997e+000	-1.347378e-008
-3.280000000000037e+000	-3.279997e+000	-1.347288e-008
-3.270000000000037e+000	-3.269997e+000	-1.347198e-008
-3.260000000000037e+000	-3.259997e+000	-1.347108e-008
-3.250000000000037e+000	-3.249997e+000	-1.347018e-008
-3.240000000000038e+000	-3.239997e+000	-1.346928e-008
-3.230000000000038e+000	-3.229997e+000	-1.346838e-008
-3.220000000000038e+000	-3.219997e+000	-1.346748e-008
-3.210000000000038e+000	-3.209997e+000	-1.346658e-008
-3.200000000000038e+000	-3.199997e+000	-1.346568e-008
-3.190000000000039e+000	-3.189997e+000	-1.346478e-008
-3.180000000000039e+000	-3.179997e+000	-1.346387e-008
-3.170000000000039e+000	-3.169997e+000	-1.346297e-008
-3.160000000000039e+000	-3.159997e+000	-1.346207e-008
-3.150000000000039e+000	-3.149997e+000	-1.346117e-008
-3.140000000000040e+000	-3.139997e+000	-1.346026e-008
-3.130000000000040e+000	-3.129997e+000	-1.345936e-008
-3.120000000000040e+000	-3.119997e+000	-1.345846e-008
-3.110000000000040e+000	-3.109997e+000	-1.345755e-008
-3.100000000000041e+000	-3.099997e+000	-1.345665e-008
-3.090000000000041e+000	-3.089997e+000	-1.345574e-008
-3.080000000000041e+000	-3.079997e+000	-1.345484e-008
-3.070000000000041e+000	-3.069997e+000	-1.345393e-008
-3.060000000000041e+000	-3.059997e+000	-1.345303e-008
-3.050000000000042e+000	-3.049997e+000	-1.345212e-008
-3.040000000000042e+000	-3.039997e+000	-1.345122e-008
-3.030000000000042e+000	-3.029997e+000	-1.345031e-008
-3.020000000000042e+000	-3.019997e+000	-1.344940e-008
-3.010000000000042e+000	-3.009997e+000	-1.344850e-008
-3.000000000000043e+000	-2.999997e+000	-1.344759e-008
-2.990000000000043e+000	-2.989997e+000	-1.344668e-008
-2.980000000000043e+000	-2.979997e+000	-1.344577e-008
-2.970000000000043e+000	-2.969997e+000	-1.344487e-008
-2.960000000000044e+000	-2.959997e+000	-1.344396e-008
-2.950000000000044e+000	-2.949997e+000	-1.344305e-008
-2.940000000000044e+000	-2.939997e+000	-1.344214e-008
-2.930000000000044e+000	-2.929997e+000	-1.344123e-008
-2.920000000000044e+000	-2.919997e+000	-1.344032e-008
-2.910000000000045e+000	-2.909997e+000	-1.343941e-008
-2.900000000000045e+000	-2.899997e+000	-1.343850e-008
-2.890000000000045e+000	-2.889997e+000	-1.343759e-008
-2.880000000000045e+000	-2.879997e+000	-1.343667e-008
-2.870000000000045e+000	-2.869997e+000	-1.343576e-008
-2.860000000000046e+000	-2.859997e+000	-1.343485e-008
-2.850000000000046e+000	-2.849997e+000	-1.343394e-008
-2.840000000000046e+000	-2.839997e+000	-1.343303e-008
-2.830000000000046e+000	-2.829997e+000	-1.343211e-008
-2.820000000000047e+000	-2.819997e+000	-1.343120e-008
-2.810000000000047e+000	-2.809997e+000	-1.343029e-008
-2.800000000000047e+000	-2.799997e+000	-1.342937e-008
-2.790000000000047e+000	-2.789997e+000	-1.342846e-008
-2.780000000000047e+000	-2.779997e+000	-1.342755e-008
-2.770000000000048e+000	-2.769997e+000	-1.342663e-008
-2.760000000000048e+000	-2.759997e+000	-1.342571e-008
-2.750000000000048e+000	-2.749997e+000	-1.342480e-008
-2.740000000000048e+000	-2.739997e+000	-1.342388e-008
-2.730000000000048e+000	-2.729997e+000	-1.342297e-008
-2.720000000000049e+000	-2.719997e+000	-1.342205e-008
-2.710000000000049e+000	-2.709997e+000	-1.342113e-008
-2.700000000000049e+000	-2.699997e+000	-1.342021e-008
-2.690000000000049e+000	-2.689997e+000	-1.341930e-008
-2.680000000000050e+000	-2.679997e+000	-1.341838e-008
-2.670000000000050e+000	-2.669997e+000	-1.341746e-008
-2.660000000000050e+000	-2.659997e+000	-1.341654e-008
-2.650000000000050e+000	-2.649997e+000	-1.341562e-008
-2.640000000000050e+000	-2.639997e+000	-1.341470e-008
-2.630000000000051e+000	-2.629997e+000	-1.341378e-008
-2.620000000000051e+000	-2.619997e+000	-1.341286e-008
-2.610000000000051e+000	-2.609997e+000	-1.341194e-008
-2.600000000000051e+000	-2.599997e+000	-1.341102e-008
-2.590000000000051e+000	-2.589997e+000	-1.341010e-008
-2.580000000000052e+000	-2.579997e+000	-1.340917e-008
-2.570000000000052e+000	-2.569997e+000	-1.340825e-008
-2.560000000000052e+000	-2.559997e+000	-1.340733e-008
-2.550000000000052e+000	-2.549997e+000	-1.340640e-008
-2.540000000000052e+000	-2.539997e+000	-1.340548e-008
-2.530000000000053e+000	-2.529997e+000	-1.340456e-008
-2.520000000000053e+000	-2.519997e+000	-1.340363e-008
-2.510000000000053e+000	-2.509997e+000	-1.340271e-008
-2.500000000000053e+000	-2.499997e+000	-1.340178e-008
-2.490000000000054e+000	-2.489997e+000	-1.340086e-008
-2.480000000000054e+000	-2.479997e+000	-1.339993e-008
-2.470000000000054e+000	-2.469997e+000	-1.339900e-008
-2.460000000000054e+000	-2.459997e+000	-1.339807e-008
-2.450000000000054e+000	-2.449997e+000	-1.339715e-008
-2.440000000000055e+000	-2.439997e+000	-1.339622e-008
-2.430000000000055e+000	-2.429997e+000	-1.339529e-008
-2.420000000000055e+000	-2.419997e+000	-1.339436e-008
-2.410000000000055e+000	-2.409997e+000	-1.339343e-008
-2.400000000000055e+000	-2.399997e+000	-1.339250e-008
-2.390000000000056e+000	-2.389997e+000	-1.339157e-008
-2.380000000000056e+000	-2.379997e+000	-1.339064e-008
-2.370000000000056e+000	-2.369997e+000	-1.338971e-008
-2.360000000000056e+000	-2.359997e+000	-1.338878e-008
-2.350000000000057e+000	-2.349997e+000	-1.338785e-008
-2.340000000000057e+000	-2.339997e+000	-1.338691e-008
-2.330000000000057e+000	-2.329997e+000	-1.338598e-008
-2.320000000000057e+000	-2.319997e+000	-1.338505e-008
-2.310000000000057e+000	-2.309997e+000	-1.338411e-008
-2.300000000000058e+000	-2.299997e+000	-1.338318e-008
-2.290000000000058e+000	-2.289997e+000	-1.338224e-008
-2.280000000000058e+000	-2.279997e+000	-1.338131e-008
-2.270000000000058e+000	-2.269997e+000	-1.338037e-008
-2.260000000000058e+000	-2.259997e+000	-1.337943e-008
-2.250000000000059e+000	-2.249997e+000	-1.337850e-008
-2.240000000000059e+000	-2.239997e+000	-1.337756e-008
-2.230000000000059e+000	-2.229997e+000	-1.337662e-008
-2.220000000000059e+000	-2.219997e+000	-1.337569e-008
-2.210000000000060e+000	-2.209997e+000	-1.337474e-008
-2.200000000000060e+000	-2.199997e+000	-1.337381e-008
-2.190000000000060e+000	-2.189997e+000	-1.337287e-008
-2.180000000000060e+000	-2.179997e+000	-1.337193e-008
-2.170000000000060e+000	-2.169997e+000	-1.337098e-008
-2.160000000000061e+000	-2.159997e+000	-1.337004e-008
-2.150000000000061e+000	-2.149997e+000	-1.336910e-008
-2.140000000000061e+000	-2.139997e+000	-1.336816e-008
-2.130000000000061e+000	-2.129997e+000	-1.336721e-008
-2.120000000000061e+000	-2.119997e+000	-1.336627e-008
-2.110000000000062e+000	-2.109997e+000	-1.336533e-008
-2.100000000000062e+000	-2.099997e+000	-1.336438e-008
-2.090000000000062e+000	-2.089997e+000	-1.336344e-008
-2.080000000000062e+000	-2.079997e+000	-1.336249e-008
-2.070000000000063e+000	-2.069997e+000	-1.336154e-008
-2.060000000000063e+000	-2.059997e+000	-1.336060e-008
-2.050000000000063e+000	-2.049997e+000	-1.335965e-008
-2.040000000000063e+000	-2.039997e+000	-1.335870e-008
-2.030000000000063e+000	-2.029997e+000	-1.335775e-008
-2.020000000000064e+000	-2.019997e+000	-1.335680e-008
-2.010000000000064e+000	-2.009997e+000	-1.335586e-008
-2.000000000000064e+000	-1.999997e+000	-1.335490e-008
-1.990000000000064e+000	-1.989997e+000	-1.335395e-008
-1.980000000000064e+000	-1.979997e+000	-1.335300e-008
-1.970000000000064e+000	-1.969997e+000	-1.335205e-008
-1.960000000000064e+000	-1.959997e+000	-1.335110e-008
-1.950000000000064e+000	-1.949997e+000	-1.335014e-008
-1.940000000000064e+000	-1.939997e+000	-1.334919e-008
-1.930000000000064e+000	-1.929997e+000	-1.334823e-008
-1.920000000000064e+000	-1.919997e+000	-1.334728e-008
-1.910000000000064e+000	-1.909997e+000	-1.334632e-008
-1.900000000000064e+000	-1.899997e+000	-1.334537e-008
-1.890000000000064e+000	-1.889997e+000	-1.334441e-008
-1.880000000000064e+000	-1.879997e+000	-1.334345e-008
-1.870000000000064e+000	-1.869997e+000	-1.334249e-008
-1.860000000000064e+000	-1.859997e+000	-1.334153e-008
-1.850000000000064e+000	-1.849997e+000	-1.334057e-008
-1.840000000000064e+000	-1.839997e+000	-1.333961e-008
-1.830000000000064e+000	-1.829997e+000	-1.333865e-008
-1.820000000000064e+000	-1.819997e+000	-1.333769e-008
-1.810000000000064e+000	-1.809997e+000	-1.333673e-008
-1.800000000000064e+000	-1.799997e+000	-1.333576e-008
-1.790000000000064e+000	-1.789997e+000	-1.333480e-008
-1.780000000000064e+000	-1.779997e+000	-1.333384e-008
-1.770000000000064e+000	-1.769997e+000	-1.333287e-008
-1.760000000000064e+000	-1.759997e+000	-1.333190e-008
-1.750000000000064e+000	-1.749997e+000	-1.333094e-008
-1.740000000000064e+000	-1.739997e+000	-1.332997e-008
-1.730000000000064e+000	-1.729997e+000	-1.332900e-008
-1.720000000000064e+000	-1.719997e+000	-1.332803e-008
-1.710000000000064e+000	-1.709997e+000	-1.332706e-008
-1.700000000000064e+000	-1.699997e+000	-1.332609e-008
-1.690000000000064e+000	-1.689997e+000	-1.332512e-008
-1.680000000000064e+000	-1.679997e+000	-1.332415e-008
-1.670000000000064e+000	-1.669997e+000	-1.332318e-008
-1.660000000000064e+000	-1.659997e+000	-1.332220e-008
-1.650000000000064e+000	-1.649997e+000	-1.332123e-008
-1.640000000000064e+000	-1.639997e+000	-1.332026e-008
-1.630000000000064e+000	-1.629997e+000	-1.331928e-008
-1.620000000000064e+000	-1.619997e+000	-1.331830e-008
-1.610000000000064e+000	-1.609997e+000	-1.331733e-008
-1.600000000000064e+000	-1.599997e+000	-1.331635e-008
-1.590000000000064e+000	-1.589997e+000	-1.331537e-008
-1.580000000000064e+000	-1.579997e+000	-1.331439e-008
-1.570000000000064e+000	-1.569997e+000	-1.331341e-008
-1.560000000000064e+000	-1.559997e+000	-1.331243e-008
-1.550000000000064e+000	-1.549997e+000	-1.331144e-008
-1.540000000000064e+000	-1.539997e+000	-1.331046e-008
-1.530000000000064e+000	-1.529997e+000	-1.330948e-008
-1.520000000000064e+000	-1.519997e+000	-1.330849e-008
-1.510000000000064e+000	-1.509997e+000	-1.330751e-008
-1.500000000000064e+000	-1.499997e+000	-1.330652e-008
-1.490000000000064e+000	-1.489997e+000	-1.330553e-008
-1.480000000000064e+000	-1.479997e+000	-1.330455e-008
-1.470000000000064e+000	-1.469997e+000	-1.330356e-008
-1.460000000000064e+000	-1.459997e+000	-1.330257e-008
-1.450000000000064e+000	-1.449997e+000	-1.330157e-008
-1.440000000000064e+000	-1.439997e+000	-1.330058e-008
-1.430000000000063e+000	-1.429997e+000	-1.329959e-008
-1.420000000000063e+000	-1.419997e+000	-1.329860e-008
-1.410000000000063e+000	-1.409997e+000	-1.329760e-008
-1.400000000000063e+000	-1.399997e+000	-1.329661e-008
-1.390000000000063e+000	-1.389997e+000	-1.329561e-008
-1.380000000000063e+000	-1.379997e+000	-1.329461e-008
-1.370000000000063e+000	-1.369997e+000	-1.329361e-008
-1.360000000000063e+000	-1.359997e+000	-1.329261e-008
-1.350000000000063e+000	-1.349997e+000	-1.329161e-008
-1.340000000000063e+000	-1.339997e+000	-1.329061e-008
-1.330000000000063e+000	-1.329997e+000	-1.328961e-008
-1.320000000000063e+000	-1.319997e+000	-1.328860e-008
-1.310000000000063e+000	-1.309997e+000	-1.328760e-008
-1.300000000000063e+000	-1.299997e+000	-1.328659e-008
-1.290000000000063e+000	-1.289997e+000	-1.328559e-008
-1.280000000000063e+000	-1.279997e+000	-1.328458e-008
-1.270000000000063e+000	-1.269997e+000	-1.328357e-008
-1.260000000000063e+000	-1.259997e+000	-1.328256e-008
-1.250000000000063e+000	-1.249997e+000	-1.328155e-008
-1.240000000000063e+000	-1.239997e+000	-1.328054e-008
-1.230000000000063e+000	-1.229997e+000	-1.327952e-008
-1.220000000000063e+000	-1.219997e+000	-1.327851e-008
-1.210000000000063e+000	-1.209997e+000	-1.327749e-008
-1.200000000000063e+000	-1.199997e+000	-1.327648e-008
-1.190000000000063e+000	-1.189997e+000	-1.327546e-008
-1.180000000000063e+000	-1.179997e+000	-1.327444e-008
-1.170000000000063e+000	-1.169997e+000	-1.327342e-008
-1.160000000000063e+000	-1.159997e+000	-1.327240e-008
-1.150000000000063e+000	-1.149997e+000	-1.327138e-008
-1.140000000000063e+000	-1.139997e+000	-1.327035e-008
-1.130000000000063e+000	-1.129997e+000	-1.326933e-008
-1.120000000000063e+000	-1.119997e+000	-1.326830e-008
-1.110000000000063e+000	-1.109997e+000	-1.326727e-008
-1.100000000000063e+000	-1.099997e+000	-1.326624e-008
-1.090000000000063e+000	-1.089997e+000	-1.326521e-008
-1.080000000000063e+000	-1.079997e+000	-1.326418e-008
-1.070000000000063e+000	-1.069997e+000	-1.326315e-008
-1.060000000000063e+000	-1.059997e+000	-1.326211e-008
-1.050000000000063e+000	-1.049997e+000	-1.326108e-008
-1.040000000000063e+000	-1.039997e+000	-1.326004e-008
-1.030000000000063e+000	-1.029997e+000	-1.325900e-008
-1.020000000000063e+000	-1.019997e+000	-1.325796e-008
-1.010000000000063e+000	-1.009997e+000	-1.325692e-008
-1.000000000000063e+000	-9.999974e-001	-1.325588e-008
-9.900000000000631e-001	-9.899973e-001	-1.325484e-008
-9.800000000000630e-001	-9.799973e-001	-1.325379e-008
-9.700000000000630e-001	-9.699973e-001	-1.325274e-008
-9.600000000000630e-001	-9.599974e-001	-1.325170e-008
-9.500000000000630e-001	-9.499974e-001	-1.325065e-008
-9.400000000000630e-001	-9.399974e-001	-1.324959e-008
-9.300000000000630e-001	-9.299973e-001	-1.324854e-008
-9.200000000000630e-001	-9.199973e-001	-1.324749e-008
-9.100000000000630e-001	-9.099973e-001	-1.324643e-008
-9.000000000000630e-001	-8.999974e-001	-1.324537e-008
-8.900000000000630e-001	-8.899974e-001	-1.324431e-008
-8.800000000000630e-001	-8.799974e-001	-1.324325e-008
-8.700000000000630e-001	-8.699973e-001	-1.324219e-008
-8.600000000000629e-001	-8.599973e-001	-1.324113e-008
-8.500000000000629e-001	-8.499973e-001	-1.324006e-008
-8.400000000000629e-001	-8.399974e-001	-1.323900e-008
-8.300000000000629e-001	-8.299974e-001	-1.323793e-008
-8.200000000000629e-001	-8.199974e-001	-1.323686e-008
-8.100000000000629e-001	-8.099974e-001	-1.323578e-008
-8.000000000000629e-001	-7.999973e-001	-1.323471e-008
-7.900000000000629e-001	-7.899973e-001	-1.323363e-008
-7.800000000000629e-001	-7.799973e-001	-1.323255e-008
-7.700000000000629e-001	-7.699974e-001	-1.323148e-008
-7.600000000000629e-001	-7.599974e-001	-1.323039e-008
-7.500000000000628e-001	-7.499974e-001	-1.322931e-008
-7.400000000000628e-001	-7.399973e-001	-1.322822e-008
-7.300000000000628e-001	-7.299973e-001	-1.322714e-008
-7.200000000000628e-001	-7.199973e-001	-1.322605e-008
-7.100000000000628e-001	-7.099974e-001	-1.322496e-008
-7.000000000000628e-001	-6.999974e-001	-1.322386e-008
-6.900000000000628e-001	-6.899974e-001	-1.322277e-008
-6.800000000000628e-001	-6.799974e-001	-1.322167e-008
-6.700000000000628e-001	-6.699973e-001	-1.322057e-008
-6.600000000000628e-001	-6.599973e-001	-1.321947e-008
-6.500000000000628e-001	-6.499974e-001	-1.321837e-008
-6.400000000000627e-001	-6.399974e-001	-1.321726e-008
-6.300000000000627e-001	-6.299974e-001	-1.321615e-008
-6.200000000000627e-001	-6.199974e-001	-1.321504e-008
-6.100000000000627e-001	-6.099973e-001	-1.321393e-008
-6.000000000000627e-001	-5.999973e-001	-1.321281e-008
-5.900000000000627e-001	-5.899974e-001	-1.321169e-008
-5.800000000000627e-001	-5.799974e-001	-1.321057e-008
-5.700000000000627e-001	-5.699974e-001	-1.320945e-008
-5.600000000000627e-001	-5.599974e-001	-1.320832e-008
-5.500000000000627e-001	-5.499973e-001	-1.320720e-008
-5.400000000000627e-001	-5.399973e-001	-1.320606e-008
-5.300000000000626e-001	-5.299973e-001	-1.320493e-008
-5.200000000000626e-001	-5.199974e-001	-1.320379e-008
-5.100000000000626e-001	-5.099974e-001	-1.320265e-008
-5.000000000000626e-001	-4.999973e-001	-1.320150e-008
-4.900000000000626e-001	-4.899974e-001	-1.320035e-008
-4.800000000000626e-001	-4.799974e-001	-1.319919e-008
-4.700000000000626e-001	-4.699973e-001	-1.319803e-008
-4.600000000000626e-001	-4.599974e-001	-1.319686e-008
-4.500000000000626e-001	-4.499974e-001	-1.319569e-008
-4.400000000000626e-001	-4.399974e-001	-1.319450e-008
-4.300000000000626e-001	-4.299974e-001	-1.319331e-008
-4.200000000000626e-001	-4.199974e-001	-1.319210e-008
-4.100000000000625e-001	-4.099974e-001	-1.319088e-008
-4.000000000000625e-001	-3.999974e-001	-1.318965e-008
-3.900000000000625e-001	-3.899974e-001	-1.318839e-008
-3.800000000000625e-001	-3.799974e-001	-1.318711e-008
-3.700000000000625e-001	-3.699974e-001	-1.318580e-008
-3.600000000000625e-001	-3.599974e-001	-1.318446e-008
-3.500000000000625e-001	-3.499974e-001	-1.318308e-008
-3.400000000000625e-001	-3.399974e-001	-1.318164e-008
-3.300000000000625e-001	-3.299974e-001	-1.318013e-008
-3.200000000000625e-001	-3.199974e-001	-1.317854e-008
-3.100000000000625e-001	-3.099973e-001	-1.317685e-008
-3.000000000000624e-001	-2.999974e-001	-1.317504e-008
-2.900000000000624e-001	-2.899974e-001	-1.317306e-008
-2.800000000000624e-001	-2.799974e-001	-1.317089e-008
-2.700000000000624e-001	-2.699974e-001	-1.316846e-008
-2.600000000000624e-001	-2.599974e-001	-1.316571e-008
-2.500000000000624e-001	-2.499974e-001	-1.316255e-008
-2.400000000000624e-001	-2.399974e-001	-1.315886e-008
-2.300000000000624e-001	-2.299974e-001	-1.315451e-008
-2.200000000000624e-001	-2.199974e-001	-1.314927e-008
-2.100000000000624e-001	-2.099974e-001	-1.314291e-008
-2.000000000000624e-001	-1.999974e-001	-1.313506e-008
-1.900000000000623e-001	-1.899974e-001	-1.312524e-008
-1.800000000000623e-001	-1.799974e-001	-1.311281e-008
-1.700000000000623e-001	-1.699974e-001	-1.309690e-008
-1.600000000000623e-001	-1.599974e-001	-1.307628e-008
-1.500000000000623e-001	-1.499974e-001	-1.304928e-008
-1.400000000000623e-001	-1.399974e-001	-1.301355e-008
-1.300000000000623e-001	-1.299974e-001	-1.296579e-008
-1.200000000000623e-001	-1.199974e-001	-1.290136e-008
-1.100000000000623e-001	-1.099974e-001	-1.281367e-008
-1.000000000000623e-001	-9.999746e-002	-1.269333e-008
-9.000000000006231e-002	-8.999749e-002	-1.252689e-008
-8.000000000006231e-002	-7.999754e-002	-1.229506e-008
-7.000000000006232e-002	-6.999761e-002	-1.197004e-008
-6.000000000006232e-002	-5.999770e-002	-1.151163e-008
-5.000000000006231e-002	-4.999783e-002	-1.086163e-008
-4.000000000006231e-002	-3.999801e-002	-9.935521e-009
-3.000000000006231e-002	-2.999828e-002	-8.610352e-009
-2.000000000006231e-002	-1.999866e-002	-6.707005e-009
-1.000000000006231e-002	-9.999207e-003	-3.964135e-009
-6.230779781013496e-014	-6.209447e-014	-2.954945e-020
9.999999999937692e-003	9.998851e-003	5.743551e-009
1.999999999993769e-002	1.999718e-002	1.408322e-008
2.999999999993770e-002	2.999476e-002	2.621471e-008
3.999999999993770e-002	3.999122e-002	4.388927e-008
4.999999999993770e-002	4.998606e-002	6.967218e-008
5.999999999993770e-002	5.997854e-002	1.073206e-007
6.999999999993770e-002	6.996753e-002	1.623344e-007
7.999999999993769e-002	7.995145e-002	2.427573e-007
8.999999999993769e-002	8.992793e-002	3.603326e-007
9.999999999993768e-002	9.989357e-002	5.321613e-007
1.099999999999377e-001	1.098434e-001	7.830471e-007
1.199999999999377e-001	1.197703e-001	1.148753e-006
1.299999999999377e-001	1.296639e-001	1.680394e-006
1.399999999999377e-001	1.395100e-001	2.450108e-006
1.499999999999377e-001	1.492884e-001	3.557850e-006
1.599999999999377e-001	1.589723e-001	5.138558e-006
1.699999999999377e-001	1.685265e-001	7.367850e-006
1.799999999999377e-001	1.779075e-001	1.046305e-005
1.899999999999377e-001	1.870651e-001	1.467532e-005
1.999999999999377e-001	1.959465e-001	2.026967e-005
2.099999999999377e-001	2.045020e-001	2.749368e-005
2.199999999999378e-001	2.126926e-001	3.654222e-005
2.299999999999378e-001	2.204954e-001	4.753021e-005
2.399999999999378e-001	2.279053e-001	6.048256e-005
2.499999999999378e-001	2.349333e-001	7.534312e-005
2.599999999999378e-001	2.416026e-001	9.199600e-005
2.699999999999378e-001	2.479437e-001	1.102901e-004
2.799999999999378e-001	2.539893e-001	1.300606e-004
2.899999999999378e-001	2.597725e-001	1.511436e-004
2.999999999999378e-001	2.653238e-001	1.733857e-004
3.099999999999378e-001	2.706711e-001	1.966483e-004
3.199999999999378e-001	2.758389e-001	2.208087e-004
3.299999999999378e-001	2.808485e-001	2.457599e-004
3.399999999999379e-001	2.857185e-001	2.714093e-004
3.499999999999379e-001	2.904649e-001	2.976773e-004
3.599999999999379e-001	2.951012e-001	3.244951e-004
3.699999999999379e-001	2.996395e-001	3.518037e-004
3.799999999999379e-001	3.040898e-001	3.795519e-004
3.899999999999379e-001	3.084610e-001	4.076957e-004
3.999999999999379e-001	3.127607e-001	4.361969e-004
4.099999999999379e-001	3.169957e-001	4.650220e-004
4.199999999999379e-001	3.211717e-001	4.941419e-004
4.299999999999379e-001	3.252938e-001	5.235314e-004
4.399999999999379e-001	3.293665e-001	5.531678e-004
4.499999999999380e-001	3.333937e-001	5.830316e-004
4.599999999999380e-001	3.373790e-001	6.131051e-004
4.699999999999380e-001	3.413254e-001	6.433729e-004
4.799999999999380e-001	3.452358e-001	6.738214e-004
4.899999999999380e-001	3.491124e-001	7.044381e-004
4.999999999999380e-001	3.529576e-001	7.352121e-004
5.099999999999380e-001	3.567733e-001	7.661337e-004
5.199999999999380e-001	3.605612e-001	7.971940e-004
5.299999999999380e-001	3.643230e-001	8.283852e-004
5.399999999999380e-001	3.680600e-001	8.597003e-004
5.499999999999380e-001	3.717734e-001	8.911329e-004
5.599999999999380e-001	3.754646e-001	9.226773e-004
5.699999999999380e-001	3.791343e-001	9.543284e-004
5.799999999999380e-001	3.827837e-001	9.860817e-004
5.899999999999380e-001	3.864134e-001	1.017933e-003
5.999999999999380e-001	3.900242e-001	1.049879e-003
6.099999999999380e-001	3.936168e-001	1.081916e-003
6.199999999999381e-001	3.971916e-001	1.114042e-003
6.299999999999381e-001	4.007493e-001	1.146253e-003
6.399999999999381e-001	4.042903e-001	1.178549e-003
6.499999999999381e-001	4.078147e-001	1.210926e-003
6.599999999999381e-001	4.113232e-001	1.243384e-003
6.699999999999381e-001	4.148157e-001	1.275921e-003
6.799999999999381e-001	4.182926e-001	1.308537e-003
6.899999999999381e-001	4.217540e-001	1.341230e-003
6.999999999999381e-001	4.252000e-001	1.374000e-003
7.099999999999381e-001	4.286306e-001	1.406847e-003
7.199999999999381e-001	4.320459e-001	1.439771e-003
7.299999999999381e-001	4.354457e-001	1.472772e-003
7.399999999999382e-001	4.388300e-001	1.505850e-003
7.499999999999382e-001	4.421988e-001	1.539006e-003
7.599999999999382e-001	4.455517e-001	1.572242e-003
7.699999999999382e-001	4.488886e-001	1.605557e-003
7.799999999999382e-001	4.522093e-001	1.638954e-003
7.899999999999382e-001	4.555134e-001	1.672433e-003
7.999999999999382e-001	4.588006e-001	1.705997e-003
8.099999999999382e-001	4.620705e-001	1.739647e-003
8.199999999999382e-001	4.653228e-001	1.773386e-003
8.299999999999382e-001	4.685570e-001	1.807215e-003
8.399999999999382e-001	4.717726e-001	1.841137e-003
8.499999999999383e-001	4.749691e-001	1.875155e-003
8.599999999999383e-001	4.781460e-001	1.909270e-003
8.699999999999383e-001	4.813026e-001	1.943487e-003
8.799999999999383e-001	4.844385e-001	1.977807e-003
8.899999999999383e-001	4.875530e-001	2.012235e-003
8.999999999999383e-001	4.906454e-001	2.046773e-003
9.099999999999383e-001	4.937151e-001	2.081424e-003
9.199999999999383e-001	4.967614e-001	2.116193e-003
9.299999999999383e-001	4.997835e-001	2.151082e-003
9.399999999999383e-001	5.027809e-001	2.186096e-003
9.499999999999383e-001	5.057527e-001	2.221237e-003
9.599999999999384e-001	5.086982e-001	2.256509e-003
9.699999999999384e-001	5.116168e-001	2.291916e-003
9.799999999999384e-001	5.145076e-001	2.327462e-003
9.899999999999384e-001	5.173700e-001	2.363150e-003
9.999999999999384e-001	5.202034e-001	2.398983e-003
1.009999999999938e+000	5.230069e-001	2.434965e-003
1.019999999999938e+000	5.257800e-001	2.471100e-003
1.029999999999938e+000	5.285220e-001	2.507390e-003
1.039999999999938e+000	5.312323e-001	2.543838e-003
1.049999999999938e+000	5.339103e-001	2.580448e-003
1.059999999999938e+000	5.365555e-001	2.617222e-003
1.069999999999938e+000	5.391675e-001	2.654163e-003
1.079999999999938e+000	5.417455e-001	2.691272e-003
1.089999999999938e+000	5.442895e-001	2.728553e-003
1.099999999999938e+000	5.467988e-001	2.766006e-003
1.109999999999938e+000	5.492733e-001	2.803633e-003
1.119999999999938e+000	5.517127e-001	2.841437e-003
1.129999999999938e+000	5.541167e-001	2.879417e-003
1.139999999999938e+000	5.564851e-001	2.917574e-003
1.149999999999938e+000	5.588179e-001	2.955911e-003
1.159999999999938e+000	5.611150e-001	2.994425e-003
1.169999999999938e+000	5.633764e-001	3.033118e-003
1.179999999999938e+000	5.656020e-001	3.071990e-003
1.189999999999938e+000	5.677921e-001	3.111040e-003
1.199999999999938e+000	5.699467e-001	3.150266e-003
1.209999999999939e+000	5.720661e-001	3.189670e-003
1.219999999999939e+000	5.741503e-001	3.229249e-003
1.229999999999939e+000	5.761998e-001	3.269001e-003
1.239999999999939e+000	5.782146e-001	3.308927e-003
1.249999999999939e+000	5.801954e-001	3.349023e-003
1.259999999999939e+000	5.821424e-001	3.389288e-003
1.269999999999939e+000	5.840558e-001	3.429721e-003
1.279999999999939e+000	5.859364e-001	3.470318e-003
1.289999999999939e+000	5.877843e-001	3.511079e-003
1.299999999999939e+000	5.896001e-001	3.551999e-003
1.309999999999939e+000	5.913844e-001	3.593078e-003
1.319999999999939e+000	5.931376e-001	3.634312e-003
1.329999999999939e+000	5.948601e-001	3.675699e-003
1.339999999999939e+000	5.965526e-001	3.717237e-003
1.349999999999939e+000	5.982156e-001	3.758922e-003
1.359999999999939e+000	5.998496e-001	3.800752e-003
1.369999999999939e+000	6.014552e-001	3.842724e-003
1.379999999999939e+000	6.030329e-001	3.884835e-003
1.389999999999939e+000	6.045834e-001	3.927083e-003
1.399999999999939e+000	6.061071e-001	3.969465e-003
1.409999999999939e+000	6.076045e-001	4.011977e-003
1.419999999999939e+000	6.090763e-001	4.054619e-003
1.429999999999939e+000	6.105230e-001	4.097385e-003
1.439999999999939e+000	6.119452e-001	4.140274e-003
1.449999999999939e+000	6.133434e-001	4.183283e-003
1.459999999999939e+000	6.147180e-001	4.226410e-003
1.469999999999939e+000	6.160698e-001	4.269651e-003
1.479999999999939e+000	6.173991e-001	4.313005e-003
1.489999999999939e+000	6.187065e-001	4.356468e-003
1.499999999999939e+000	6.199924e-001	4.400038e-003
1.509999999999939e+000	6.212575e-001	4.443713e-003
1.519999999999939e+000	6.225021e-001	4.487489e-003
1.529999999999939e+000	6.237268e-001	4.531366e-003
1.539999999999939e+000	6.249321e-001	4.575340e-003
1.549999999999939e+000	6.261182e-001	4.619409e-003
1.559999999999939e+000	6.272858e-001	4.663571e-003
1.569999999999939e+000	6.284352e-001	4.707824e-003
1.579999999999939e+000	6.295669e-001	4.752166e-003
1.589999999999939e+000	6.306813e-001	4.796593e-003
1.599999999999939e+000	6.317788e-001	4.841106e-003
1.609999999999939e+000	6.328598e-001	4.885701e-003
1.619999999999939e+000	6.339247e-001	4.930377e-003
1.629999999999939e+000	6.349738e-001	4.975131e-003
1.639999999999939e+000	6.360076e-001	5.019962e-003
1.649999999999939e+000	6.370264e-001	5.064868e-003
1.659999999999939e+000	6.380305e-001	5.109848e-003
1.669999999999939e+000	6.390203e-001	5.154898e-003
1.679999999999939e+000	6.399961e-001	5.200020e-003
1.689999999999939e+000	6.409582e-001	5.245209e-003
1.699999999999939e+000	6.419070e-001	5.290465e-003
1.709999999999939e+000	6.428427e-001	5.335786e-003
1.719999999999939e+000	6.437657e-001	5.381172e-003
1.729999999999939e+000	6.446762e-001	5.426619e-003
1.739999999999939e+000	6.455745e-001	5.472127e-003
1.749999999999939e+000	6.464610e-001	5.517695e-003
1.759999999999939e+000	6.473357e-001	5.563322e-003
1.769999999999939e+000	6.481991e-001	5.609004e-003
1.779999999999939e+000	6.490514e-001	5.654743e-003
1.789999999999939e+000	6.498927e-001	5.700536e-003
1.799999999999939e+000	6.507235e-001	5.746383e-003
1.809999999999939e+000	6.515438e-001	5.792281e-003
1.819999999999939e+000	6.523539e-001	5.838230e-003
1.829999999999939e+000	6.531541e-001	5.884230e-003
1.839999999999939e+000	6.539444e-001	5.930278e-003
1.849999999999939e+000	6.547253e-001	5.976374e-003
1.859999999999939e+000	6.554968e-001	6.022516e-003
1.869999999999939e+000	6.562591e-001	6.068704e-003
1.879999999999939e+000	6.570125e-001	6.114937e-003
1.889999999999939e+000	6.577571e-001	6.161214e-003
1.899999999999939e+000	6.584931e-001	6.207535e-003
1.909999999999939e+000	6.592207e-001	6.253896e-003
1.919999999999939e+000	6.599401e-001	6.300300e-003
1.929999999999939e+000	6.606513e-001	6.346744e-003
1.939999999999939e+000	6.613547e-001	6.393227e-003
1.949999999999939e+000	6.620502e-001	6.439749e-003
1.959999999999939e+000	6.627383e-001	6.486309e-003
1.969999999999939e+000	6.634188e-001	6.532906e-003
1.979999999999939e+000	6.640921e-001	6.579540e-003
1.989999999999939e+000	6.647581e-001	6.626210e-003
1.999999999999939e+000	6.654171e-001	6.672914e-003
2.009999999999939e+000	6.660693e-001	6.719653e-003
2.019999999999939e+000	6.667147e-001	6.766426e-003
2.029999999999939e+000	6.673535e-001	6.813233e-003
2.039999999999938e+000	6.679857e-001	6.860071e-003
2.049999999999938e+000	6.686116e-001	6.906942e-003
2.059999999999938e+000	6.692312e-001	6.953844e-003
2.069999999999938e+000	6.698446e-001	7.000777e-003
2.079999999999938e+000	6.704521e-001	7.047740e-003
2.089999999999937e+000	6.710535e-001	7.094732e-003
2.099999999999937e+000	6.716492e-001	7.141754e-003
2.109999999999937e+000	6.722392e-001	7.188804e-003
2.119999999999937e+000	6.728235e-001	7.235882e-003
2.129999999999936e+000	6.734024e-001	7.282988e-003
2.139999999999936e+000	6.739758e-001	7.330121e-003
2.149999999999936e+000	6.745439e-001	7.377280e-003
2.159999999999936e+000	6.751068e-001	7.424466e-003
2.169999999999936e+000	6.756645e-001	7.471677e-003
2.179999999999935e+000	6.762173e-001	7.518914e-003
2.189999999999935e+000	6.767650e-001	7.566175e-003
2.199999999999935e+000	6.773078e-001	7.613461e-003
2.209999999999935e+000	6.778459e-001	7.660770e-003
2.219999999999935e+000	6.783792e-001	7.708104e-003
2.229999999999934e+000	6.789080e-001	7.755460e-003
2.239999999999934e+000	6.794322e-001	7.802839e-003
2.249999999999934e+000	6.799518e-001	7.850241e-003
2.259999999999934e+000	6.804671e-001	7.897665e-003
2.269999999999933e+000	6.809780e-001	7.945110e-003
2.279999999999933e+000	6.814847e-001	7.992577e-003
2.289999999999933e+000	6.819871e-001	8.040064e-003
2.299999999999933e+000	6.824855e-001	8.087573e-003
2.309999999999933e+000	6.829797e-001	8.135102e-003
2.319999999999932e+000	6.834700e-001	8.182650e-003
2.329999999999932e+000	6.839563e-001	8.230219e-003
2.339999999999932e+000	6.844387e-001	8.277806e-003
2.349999999999932e+000	6.849173e-001	8.325413e-003
2.359999999999932e+000	6.853922e-001	8.373039e-003
2.369999999999931e+000	6.858634e-001	8.420683e-003
2.379999999999931e+000	6.863309e-001	8.468346e-003
2.389999999999931e+000	6.867948e-001	8.516026e-003
2.399999999999931e+000	6.872551e-001	8.563724e-003
2.409999999999930e+000	6.877120e-001	8.611440e-003
2.419999999999930e+000	6.881655e-001	8.659173e-003
2.429999999999930e+000	6.886156e-001	8.706923e-003
2.439999999999930e+000	6.890623e-001	8.754688e-003
2.449999999999930e+000	6.895058e-001	8.802472e-003
2.459999999999929e+000	6.899459e-001	8.850270e-003
2.469999999999929e+000	6.903830e-001	8.898085e-003
2.479999999999929e+000	6.908168e-001	8.945916e-003
2.489999999999929e+000	6.912476e-001	8.993762e-003
2.499999999999929e+000	6.916753e-001	9.041623e-003
2.509999999999928e+000	6.921000e-001	9.089500e-003
2.519999999999928e+000	6.925218e-001	9.137391e-003
2.529999999999928e+000	6.929405e-001	9.185297e-003
2.539999999999928e+000	6.933565e-001	9.233218e-003
2.549999999999927e+000	6.937695e-001	9.281153e-003
2.559999999999927e+000	6.941797e-001	9.329101e-003
2.569999999999927e+000	6.945872e-001	9.377064e-003
2.579999999999927e+000	6.949919e-001	9.425040e-003
2.589999999999927e+000	6.953940e-001	9.473030e-003
2.599999999999926e+000	6.957933e-001	9.521034e-003
2.609999999999926e+000	6.961901e-001	9.569050e-003
2.619999999999926e+000	6.965842e-001	9.617079e-003
2.629999999999926e+000	6.969758e-001	9.665121e-003
2.639999999999926e+000	6.973648e-001	9.713176e-003
2.649999999999925e+000	6.977514e-001	9.761243e-003
2.659999999999925e+000	6.981355e-001	9.809323e-003
2.669999999999925e+000	6.985171e-001	9.857414e-003
2.679999999999925e+000	6.988964e-001	9.905518e-003
2.689999999999925e+000	6.992733e-001	9.953634e-003
2.699999999999924e+000	6.996478e-001	1.000176e-002
2.709999999999924e+000	7.000201e-001	1.004990e-002
2.719999999999924e+000	7.003900e-001	1.009805e-002
2.729999999999924e+000	7.007577e-001	1.014621e-002
2.739999999999923e+000	7.011232e-001	1.019438e-002
2.749999999999923e+000	7.014865e-001	1.024257e-002
2.759999999999923e+000	7.018477e-001	1.029076e-002
2.769999999999923e+000	7.022066e-001	1.033897e-002
2.779999999999923e+000	7.025635e-001	1.038718e-002
2.789999999999922e+000	7.029182e-001	1.043541e-002
2.799999999999922e+000	7.032709e-001	1.048365e-002
2.809999999999922e+000	7.036216e-001	1.053189e-002
2.819999999999922e+000	7.039702e-001	1.058015e-002
2.829999999999922e+000	7.043169e-001	1.062842e-002
2.839999999999921e+000	7.046615e-001	1.067669e-002
2.849999999999921e+000	7.050042e-001	1.072498e-002
2.859999999999921e+000	7.053450e-001	1.077328e-002
2.869999999999921e+000	7.056838e-001	1.082158e-002
2.879999999999920e+000	7.060208e-001	1.086990e-002
2.889999999999920e+000	7.063560e-001	1.091822e-002
2.899999999999920e+000	7.066893e-001	1.096655e-002
2.909999999999920e+000	7.070208e-001	1.101490e-002
2.919999999999920e+000	7.073504e-001	1.106325e-002
2.929999999999919e+000	7.076783e-001	1.111161e-002
2.939999999999919e+000	7.080045e-001	1.115998e-002
2.949999999999919e+000	7.083288e-001	1.120836e-002
2.959999999999919e+000	7.086515e-001	1.125674e-002
2.969999999999919e+000	7.089725e-001	1.130514e-002
2.979999999999918e+000	7.092918e-001	1.135354e-002
2.989999999999918e+000	7.096094e-001	1.140195e-002
2.999999999999918e+000	7.099254e-001	1.145037e-002
3.009999999999918e+000	7.102398e-001	1.149880e-002
3.019999999999917e+000	7.105525e-001	1.154724e-002
3.029999999999917e+000	7.108636e-001	1.159568e-002
3.039999999999917e+000	7.111732e-001	1.164413e-002
3.049999999999917e+000	7.114812e-001	1.169259e-002
3.059999999999917e+000	7.117877e-001	1.174106e-002
3.069999999999916e+000	7.120926e-001	1.178954e-002
3.079999999999916e+000	7.123960e-001	1.183802e-002
3.089999999999916e+000	7.126980e-001	1.188651e-002
3.099999999999916e+000	7.129984e-001	1.193501e-002
3.109999999999916e+000	7.132974e-001	1.198351e-002
3.119999999999915e+000	7.135949e-001	1.203203e-002
3.129999999999915e+000	7.138910e-001	1.208054e-002
3.139999999999915e+000	7.141857e-001	1.212907e-002
3.149999999999915e+000	7.144790e-001	1.217761e-002
3.159999999999914e+000	7.147708e-001	1.222615e-002
3.169999999999914e+000	7.150613e-001	1.227469e-002
3.179999999999914e+000	7.153504e-001	1.232325e-002
3.189999999999914e+000	7.156382e-001	1.237181e-002
3.199999999999914e+000	7.159246e-001	1.242038e-002
3.209999999999913e+000	7.162098e-001	1.246895e-002
3.219999999999913e+000	7.164935e-001	1.251753e-002
3.229999999999913e+000	7.167760e-001	1.256612e-002
3.239999999999913e+000	7.170572e-001	1.261471e-002
3.249999999999913e+000	7.173372e-001	1.266331e-002
3.259999999999912e+000	7.176158e-001	1.271192e-002
3.269999999999912e+000	7.178932e-001	1.276053e-002
3.279999999999912e+000	7.181695e-001	1.280915e-002
3.289999999999912e+000	7.184444e-001	1.285778e-002
3.299999999999911e+000	7.187182e-001	1.290641e-002
3.309999999999911e+000	7.189907e-001	1.295505e-002
3.319999999999911e+000	7.192620e-001	1.300369e-002
3.329999999999911e+000	7.195322e-001	1.305234e-002
3.339999999999911e+000	7.198012e-001	1.310099e-002
3.349999999999910e+000	7.200690e-001	1.314966e-002
3.359999999999910e+000	7.203357e-001	1.319832e-002
3.369999999999910e+000	7.206012e-001	1.324699e-002
3.379999999999910e+000	7.208657e-001	1.329567e-002
3.389999999999910e+000	7.211289e-001	1.334435e-002
3.399999999999909e+000	7.213911e-001	1.339304e-002
3.409999999999909e+000	7.216522e-001	1.344174e-002
3.419999999999909e+000	7.219122e-001	1.349044e-002
3.429999999999909e+000	7.221711e-001	1.353914e-002
3.439999999999909e+000	7.224290e-001	1.358785e-002
3.449999999999908e+000	7.226858e-001	1.363657e-002
3.459999999999908e+000	7.229415e-001	1.368529e-002
3.469999999999908e+000	7.231963e-001	1.373402e-002
3.479999999999908e+000	7.234499e-001	1.378275e-002
3.489999999999907e+000	7.237025e-001	1.383149e-002
3.499999999999907e+000	7.239542e-001	1.388023e-002
3.509999999999907e+000	7.242048e-001	1.392898e-002
3.519999999999907e+000	7.244545e-001	1.397773e-002
3.529999999999907e+000	7.247031e-001	1.402648e-002
3.539999999999906e+000	7.249508e-001	1.407525e-002
3.549999999999906e+000	7.251975e-001	1.412401e-002
3.559999999999906e+000	7.254432e-001	1.417278e-002
3.569999999999906e+000	7.256880e-001	1.422156e-002
3.579999999999906e+000	7.259318e-001	1.427034e-002
3.589999999999905e+000	7.261747e-001	1.431913e-002
3.599999999999905e+000	7.264167e-001	1.436792e-002
3.609999999999905e+000	7.266577e-001	1.441671e-002
3.619999999999905e+000	7.268978e-001	1.446551e-002
3.629999999999904e+000	7.271371e-001	1.451431e-002
3.639999999999904e+000	7.273754e-001	1.456312e-002
3.649999999999904e+000	7.276129e-001	1.461194e-002
3.659999999999904e+000	7.278494e-001	1.466075e-002
3.669999999999904e+000	7.280850e-001	1.470958e-002
3.679999999999903e+000	7.283198e-001	1.475840e-002
3.689999999999903e+000	7.285537e-001	1.480723e-002
3.699999999999903e+000	7.287868e-001	1.485607e-002
3.709999999999903e+000	7.290190e-001	1.490491e-002
3.719999999999903e+000	7.292504e-001	1.495375e-002
3.729999999999902e+000	7.294809e-001	1.500260e-002
3.739999999999902e+000	7.297106e-001	1.505145e-002
3.749999999999902e+000	7.299395e-001	1.510030e-002
3.759999999999902e+000	7.301676e-001	1.514916e-002
3.769999999999901e+000	7.303948e-001	1.519803e-002
3.779999999999901e+000	7.306213e-001	1.524689e-002
3.789999999999901e+000	7.308469e-001	1.529577e-002
3.799999999999901e+000	7.310718e-001	1.534464e-002
3.809999999999901e+000	7.312959e-001	1.539352e-002
3.819999999999900e+000	7.315192e-001	1.544240e-002
3.829999999999900e+000	7.317417e-001	1.549129e-002
3.839999999999900e+000	7.319635e-001	1.554018e-002
3.849999999999900e+000	7.321844e-001	1.558908e-002
3.859999999999900e+000	7.324046e-001	1.563798e-002
3.869999999999899e+000	7.326241e-001	1.568688e-002
3.879999999999899e+000	7.328429e-001	1.573579e-002
3.889999999999899e+000	7.330608e-001	1.578470e-002
3.899999999999899e+000	7.332781e-001	1.583361e-002
3.909999999999898e+000	7.334946e-001	1.588253e-002
3.919999999999898e+000	7.337105e-001	1.593145e-002
3.929999999999898e+000	7.339256e-001	1.598037e-002
3.939999999999898e+000	7.341399e-001	1.602930e-002
3.949999999999898e+000	7.343536e-001	1.607823e-002
3.959999999999897e+000	7.345666e-001	1.612717e-002
3.969999999999897e+000	7.347788e-001	1.617611e-002
3.979999999999897e+000	7.349904e-001	1.622505e-002
3.989999999999897e+000	7.352013e-001	1.627399e-002
3.999999999999897e+000	7.354115e-001	1.632294e-002
4.009999999999897e+000	7.356211e-001	1.637189e-002
4.019999999999897e+000	7.358299e-001	1.642085e-002
4.029999999999896e+000	7.360381e-001	1.646981e-002
4.039999999999896e+000	7.362457e-001	1.651877e-002
4.049999999999896e+000	7.364525e-001	1.656774e-002
4.059999999999896e+000	7.366588e-001	1.661671e-002
4.069999999999896e+000	7.368643e-001	1.666568e-002
4.079999999999895e+000	7.370692e-001	1.671465e-002
4.089999999999895e+000	7.372736e-001	1.676363e-002
4.099999999999895e+000	7.374772e-001	1.681261e-002
4.109999999999895e+000	7.376803e-001	1.686160e-002
4.119999999999894e+000	7.378826e-001	1.691059e-002
4.129999999999894e+000	7.380844e-001	1.695958e-002
4.139999999999894e+000	7.382856e-001	1.700857e-002
4.149999999999894e+000	7.384861e-001	1.705757e-002
4.159999999999894e+000	7.386861e-001	1.710657e-002
4.169999999999893e+000	7.388854e-001	1.715557e-002
4.179999999999893e+000	7.390841e-001	1.720458e-002
4.189999999999893e+000	7.392823e-001	1.725359e-002
4.199999999999893e+000	7.394798e-001	1.730260e-002
4.209999999999893e+000	7.396768e-001	1.735162e-002
4.219999999999892e+000	7.398731e-001	1.740063e-002
4.229999999999892e+000	7.400689e-001	1.744965e-002
4.239999999999892e+000	7.402641e-001	1.749868e-002
4.249999999999892e+000	7.404587e-001	1.754771e-002
4.259999999999891e+000	7.406528e-001	1.759674e-002
4.269999999999891e+000	7.408463e-001	1.764577e-002
4.279999999999891e+000	7.410393e-001	1.769480e-002
4.289999999999891e+000	7.412316e-001	1.774384e-002
4.299999999999891e+000	7.414235e-001	1.779288e-002
4.309999999999890e+000	7.416148e-001	1.784193e-002
4.319999999999890e+000	7.418055e-001	1.789097e-002
4.329999999999890e+000	7.419956e-001	1.794002e-002
4.339999999999890e+000	7.421853e-001	1.798907e-002
4.349999999999890e+000	7.423744e-001	1.803813e-002
4.359999999999889e+000	7.425630e-001	1.808719e-002
4.369999999999889e+000	7.427511e-001	1.813624e-002
4.379999999999889e+000	7.429386e-001	1.818531e-002
4.389999999999889e+000	7.431256e-001	1.823437e-002
4.399999999999888e+000	7.433120e-001	1.828344e-002
4.409999999999888e+000	7.434980e-001	1.833251e-002
4.419999999999888e+000	7.436835e-001	1.838158e-002
4.429999999999888e+000	7.438684e-001	1.843066e-002
4.439999999999888e+000	7.440528e-001	1.847974e-002
4.449999999999887e+000	7.442367e-001	1.852882e-002
4.459999999999887e+000	7.444202e-001	1.857790e-002
4.469999999999887e+000	7.446031e-001	1.862698e-002
4.479999999999887e+000	7.447855e-001	1.867607e-002
4.489999999999887e+000	7.449675e-001	1.872516e-002
4.499999999999886e+000	7.451489e-001	1.877426e-002
4.509999999999886e+000	7.453299e-001	1.882335e-002
4.519999999999886e+000	7.455103e-001	1.887245e-002
4.529999999999886e+000	7.456904e-001	1.892155e-002
4.539999999999886e+000	7.458699e-001	1.897065e-002
4.549999999999885e+000	7.460490e-001	1.901975e-002
4.559999999999885e+000	7.462276e-001	1.906886e-002
4.569999999999885e+000	7.464057e-001	1.911797e-002
4.579999999999885e+000	7.465833e-001	1.916708e-002
4.589999999999884e+000	7.467605e-001	1.921620e-002
4.599999999999884e+000	7.469373e-001	1.926531e-002
4.609999999999884e+000	7.471135e-001	1.931443e-002
4.619999999999884e+000	7.472894e-001	1.936355e-002
4.629999999999884e+000	7.474647e-001	1.941268e-002
4.639999999999883e+000	7.476397e-001	1.946180e-002
4.649999999999883e+000	7.478141e-001	1.951093e-002
4.659999999999883e+000	7.479882e-001	1.956006e-002
4.669999999999883e+000	7.481618e-001	1.960919e-002
4.679999999999883e+000	7.483349e-001	1.965833e-002
4.689999999999882e+000	7.485077e-001	1.970746e-002
4.699999999999882e+000	7.486799e-001	1.975660e-002
4.709999999999882e+000	7.488518e-001	1.980574e-002
4.719999999999882e+000	7.490233e-001	1.985488e-002
4.729999999999881e+000	7.491943e-001	1.990403e-002
4.739999999999881e+000	7.493648e-001	1.995318e-002
4.749999999999881e+000	7.495350e-001	2.000233e-002
4.759999999999881e+000	7.497047e-001	2.005148e-002
4.769999999999881e+000	7.498741e-001	2.010063e-002
4.779999999999880e+000	7.500430e-001	2.014979e-002
4.789999999999880e+000	7.502115e-001	2.019894e-002
4.799999999999880e+000	7.503796e-001	2.024810e-002
4.809999999999880e+000	7.505472e-001	2.029726e-002
4.819999999999880e+000	7.507145e-001	2.034643e-002
4.829999999999879e+000	7.508814e-001	2.039559e-002
4.839999999999879e+000	7.510479e-001	2.044476e-002
4.849999999999879e+000	7.512140e-001	2.049393e-002
4.859999999999879e+000	7.513797e-001	2.054310e-002
4.869999999999878e+000	7.515450e-001	2.059227e-002
4.879999999999878e+000	7.517099e-001	2.064145e-002
4.889999999999878e+000	7.518744e-001	2.069063e-002
4.899999999999878e+000	7.520385e-001	2.073981e-002
4.909999999999878e+000	7.522023e-001	2.078899e-002
4.919999999999877e+000	7.523656e-001	2.083817e-002
4.929999999999877e+000	7.525287e-001	2.088736e-002
4.939999999999877e+000	7.526913e-001	2.093654e-002
4.949999999999877e+000	7.528535e-001	2.098573e-002
4.959999999999877e+000	7.530153e-001	2.103492e-002
4.969999999999876e+000	7.531769e-001	2.108411e-002
4.979999999999876e+000	7.533380e-001	2.113331e-002
4.989999999999876e+000	7.534987e-001	2.118251e-002
5.000000000000000e+000	7.536591e-001	2.123171e-002
