vi	V(vbe)	I(Rb)	I(Rc)
0.000000000000000e+000	1.006573e-006	1.006573e-011	1.009163e-011
1.000000000000000e-002	1.000100e-002	1.004480e-011	1.009222e-011
2.000000000000000e-002	2.000100e-002	1.002332e-011	1.010358e-011
3.000000000000000e-002	3.000100e-002	1.000157e-011	1.012201e-011
4.000000000000000e-002	4.000100e-002	9.979302e-012	1.015165e-011
5.000000000000000e-002	5.000100e-002	9.956368e-012	1.020215e-011
6.000000000000001e-002	6.000099e-002	9.932553e-012	1.028118e-011
7.000000000000001e-002	7.000099e-002	9.907619e-012	1.039998e-011
8.000000000000000e-002	8.000099e-002	9.881217e-012	1.057727e-011
9.000000000000000e-002	9.000099e-002	9.852879e-012	1.084389e-011
9.999999999999999e-002	1.000010e-001	9.822000e-012	1.123974e-011
1.100000000000000e-001	1.100010e-001	9.787809e-012	1.182573e-011
1.200000000000000e-001	1.200010e-001	9.749263e-012	1.268928e-011
1.300000000000000e-001	1.300010e-001	9.704956e-012	1.396230e-011
1.400000000000000e-001	1.400010e-001	9.653001e-012	1.583107e-011
1.500000000000000e-001	1.500010e-001	9.590945e-012	1.858083e-011
1.600000000000000e-001	1.600010e-001	9.515441e-012	2.261346e-011
1.700000000000000e-001	1.700009e-001	9.421857e-012	2.853788e-011
1.800000000000000e-001	1.800009e-001	9.304146e-012	3.722916e-011
1.900000000000000e-001	1.900009e-001	9.153823e-012	4.998558e-011
2.000000000000000e-001	2.000009e-001	8.959491e-012	6.869867e-011
2.100000000000001e-001	2.100009e-001	8.705306e-012	9.615121e-011
2.200000000000001e-001	2.200008e-001	8.369445e-012	1.364242e-010
2.300000000000001e-001	2.300008e-001	7.921801e-012	1.954988e-010
2.400000000000001e-001	2.400007e-001	7.320144e-012	2.821569e-010
2.500000000000001e-001	2.500007e-001	6.505719e-012	4.092684e-010
2.600000000000001e-001	2.600005e-001	5.395933e-012	5.957195e-010
2.700000000000001e-001	2.700004e-001	3.874256e-012	8.692050e-010
2.800000000000001e-001	2.800002e-001	1.776044e-012	1.270353e-009
2.900000000000001e-001	2.899999e-001	-1.132377e-012	1.858747e-009
3.000000000000001e-001	2.999995e-001	-5.183837e-012	2.721782e-009
3.100000000000001e-001	3.099989e-001	-1.085348e-011	3.987637e-009
3.200000000000001e-001	3.199981e-001	-1.882162e-011	5.844295e-009
3.300000000000001e-001	3.299970e-001	-3.006485e-011	8.567439e-009
3.400000000000001e-001	3.399954e-001	-4.598810e-011	1.256133e-008
3.500000000000001e-001	3.499931e-001	-6.861666e-011	1.841870e-008
3.600000000000002e-001	3.599899e-001	-1.008748e-010	2.700850e-008
3.700000000000002e-001	3.699853e-001	-1.469917e-010	3.960428e-008
3.800000000000002e-001	3.799787e-001	-2.130907e-010	5.807191e-008
3.900000000000002e-001	3.899692e-001	-3.080457e-010	8.514374e-008
4.000000000000002e-001	3.999555e-001	-4.447230e-010	1.248179e-007
4.100000000000002e-001	4.099358e-001	-6.417786e-010	1.829387e-007
4.200000000000002e-001	4.199074e-001	-9.262471e-010	2.680351e-007
4.300000000000002e-001	4.298663e-001	-1.337251e-009	3.925266e-007
4.400000000000002e-001	4.398069e-001	-1.931261e-009	5.744374e-007
4.500000000000002e-001	4.497211e-001	-2.789456e-009	8.398018e-007
4.600000000000002e-001	4.595972e-001	-4.027795e-009	1.225963e-006
4.700000000000003e-001	4.694190e-001	-5.810361e-009	1.785957e-006
4.800000000000003e-001	4.791634e-001	-8.366130e-009	2.594028e-006
4.900000000000003e-001	4.887992e-001	-1.200831e-008	3.752029e-006
5.000000000000002e-001	4.982847e-001	-1.715338e-008	5.395727e-006
5.100000000000002e-001	5.075666e-001	-2.433366e-008	7.699055e-006
5.200000000000002e-001	5.165806e-001	-3.419375e-008	1.087308e-005
5.300000000000003e-001	5.252540e-001	-4.745963e-008	1.515597e-005
5.400000000000003e-001	5.335126e-001	-6.487390e-008	2.079185e-005
5.500000000000003e-001	5.412896e-001	-8.710443e-008	2.800077e-005
5.600000000000003e-001	5.485350e-001	-1.146501e-007	3.694760e-005
5.700000000000003e-001	5.552224e-001	-1.477759e-007	4.772044e-005
5.800000000000003e-001	5.613502e-001	-1.864974e-007	6.032539e-005
5.900000000000003e-001	5.669385e-001	-2.306148e-007	7.469741e-005
6.000000000000003e-001	5.720225e-001	-2.797750e-007	9.072074e-005
6.100000000000003e-001	5.766461e-001	-3.335389e-007	1.082511e-004
6.200000000000003e-001	5.808562e-001	-3.914379e-007	1.271340e-004
6.300000000000003e-001	5.846988e-001	-4.530123e-007	1.472180e-004
6.400000000000004e-001	5.882166e-001	-5.178338e-007	1.683616e-004
6.500000000000004e-001	5.914484e-001	-5.855165e-007	1.904373e-004
6.600000000000004e-001	5.944281e-001	-6.557195e-007	2.133323e-004
6.700000000000004e-001	5.971855e-001	-7.281452e-007	2.369482e-004
6.800000000000004e-001	5.997464e-001	-8.025359e-007	2.611995e-004
6.900000000000004e-001	6.021331e-001	-8.786690e-007	2.860125e-004
7.000000000000004e-001	6.043648e-001	-9.563524e-007	3.113234e-004
7.100000000000004e-001	6.064579e-001	-1.035420e-006	3.370773e-004
7.200000000000004e-001	6.084270e-001	-1.115729e-006	3.632265e-004
7.300000000000004e-001	6.102845e-001	-1.197155e-006	3.897297e-004
7.400000000000004e-001	6.120411e-001	-1.279589e-006	4.165508e-004
7.500000000000004e-001	6.137064e-001	-1.362936e-006	4.436584e-004
7.600000000000005e-001	6.152886e-001	-1.447115e-006	4.710249e-004
7.700000000000005e-001	6.167949e-001	-1.532051e-006	4.986261e-004
7.800000000000005e-001	6.182319e-001	-1.617681e-006	5.264407e-004
7.900000000000005e-001	6.196052e-001	-1.703948e-006	5.544495e-004
8.000000000000005e-001	6.209199e-001	-1.790801e-006	5.826358e-004
8.100000000000005e-001	6.221804e-001	-1.878196e-006	6.109845e-004
8.200000000000005e-001	6.233909e-001	-1.966091e-006	6.394821e-004
8.300000000000005e-001	6.245550e-001	-2.054450e-006	6.681166e-004
8.400000000000005e-001	6.256759e-001	-2.143241e-006	6.968771e-004
8.500000000000005e-001	6.267565e-001	-2.232435e-006	7.257538e-004
8.600000000000005e-001	6.277996e-001	-2.322004e-006	7.547376e-004
8.700000000000006e-001	6.288075e-001	-2.411925e-006	7.838207e-004
8.800000000000006e-001	6.297824e-001	-2.502176e-006	8.129955e-004
8.900000000000006e-001	6.307265e-001	-2.592735e-006	8.422555e-004
9.000000000000006e-001	6.316414e-001	-2.683586e-006	8.715944e-004
9.100000000000006e-001	6.325289e-001	-2.774711e-006	9.010067e-004
9.200000000000006e-001	6.333905e-001	-2.866095e-006	9.304871e-004
9.300000000000006e-001	6.342278e-001	-2.957723e-006	9.600309e-004
9.400000000000006e-001	6.350418e-001	-3.049582e-006	9.896338e-004
9.500000000000006e-001	6.358339e-001	-3.141661e-006	1.019292e-003
9.600000000000006e-001	6.366053e-001	-3.233947e-006	1.049001e-003
9.700000000000006e-001	6.373568e-001	-3.326432e-006	1.078758e-003
9.800000000000007e-001	6.380897e-001	-3.419104e-006	1.108559e-003
9.900000000000007e-001	6.388046e-001	-3.511955e-006	1.138402e-003
1.000000000000001e+000	6.395024e-001	-3.604976e-006	1.168283e-003
1.010000000000001e+000	6.401840e-001	-3.698160e-006	1.198201e-003
1.020000000000001e+000	6.408500e-001	-3.791500e-006	1.228152e-003
1.030000000000001e+000	6.415012e-001	-3.884988e-006	1.258135e-003
1.040000000000001e+000	6.421382e-001	-3.978619e-006	1.288147e-003
1.050000000000001e+000	6.427615e-001	-4.072385e-006	1.318187e-003
1.060000000000001e+000	6.433718e-001	-4.166282e-006	1.348251e-003
1.070000000000001e+000	6.439696e-001	-4.260304e-006	1.378339e-003
1.080000000000001e+000	6.445554e-001	-4.354446e-006	1.408450e-003
1.090000000000001e+000	6.451296e-001	-4.448704e-006	1.438580e-003
1.100000000000001e+000	6.456927e-001	-4.543073e-006	1.468730e-003
1.110000000000001e+000	6.462451e-001	-4.637549e-006	1.498897e-003
1.120000000000001e+000	6.467872e-001	-4.732127e-006	1.529080e-003
1.130000000000001e+000	6.473195e-001	-4.826805e-006	1.559278e-003
1.140000000000001e+000	6.478422e-001	-4.921579e-006	1.589490e-003
1.150000000000001e+000	6.483556e-001	-5.016444e-006	1.619714e-003
1.160000000000001e+000	6.488602e-001	-5.111398e-006	1.649950e-003
1.170000000000001e+000	6.493561e-001	-5.206439e-006	1.680196e-003
1.180000000000001e+000	6.498438e-001	-5.301562e-006	1.710453e-003
1.190000000000001e+000	6.503234e-001	-5.396766e-006	1.740718e-003
1.200000000000001e+000	6.507952e-001	-5.492048e-006	1.770990e-003
1.210000000000001e+000	6.512595e-001	-5.587405e-006	1.801270e-003
1.220000000000001e+000	6.517166e-001	-5.682834e-006	1.831556e-003
1.230000000000001e+000	6.521665e-001	-5.778335e-006	1.861848e-003
1.240000000000001e+000	6.526097e-001	-5.873903e-006	1.892144e-003
1.250000000000001e+000	6.530462e-001	-5.969538e-006	1.922444e-003
1.260000000000001e+000	6.534762e-001	-6.065237e-006	1.952748e-003
1.270000000000001e+000	6.539001e-001	-6.160999e-006	1.983055e-003
1.280000000000001e+000	6.543179e-001	-6.256822e-006	2.013364e-003
1.290000000000001e+000	6.547297e-001	-6.352703e-006	2.043674e-003
1.300000000000001e+000	6.551358e-001	-6.448642e-006	2.073986e-003
1.310000000000001e+000	6.555364e-001	-6.544636e-006	2.104298e-003
1.320000000000001e+000	6.559315e-001	-6.640685e-006	2.134611e-003
1.330000000000001e+000	6.563214e-001	-6.736786e-006	2.164923e-003
1.340000000000001e+000	6.567062e-001	-6.832938e-006	2.195234e-003
1.350000000000001e+000	6.570860e-001	-6.929141e-006	2.225544e-003
1.360000000000001e+000	6.574608e-001	-7.025392e-006	2.255852e-003
1.370000000000001e+000	6.578310e-001	-7.121690e-006	2.286159e-003
1.380000000000001e+000	6.581965e-001	-7.218035e-006	2.316463e-003
1.390000000000001e+000	6.585575e-001	-7.314424e-006	2.346763e-003
1.400000000000001e+000	6.589142e-001	-7.410858e-006	2.377061e-003
1.410000000000001e+000	6.592666e-001	-7.507334e-006	2.407355e-003
1.420000000000001e+000	6.596147e-001	-7.603852e-006	2.437646e-003
1.430000000000001e+000	6.599589e-001	-7.700412e-006	2.467932e-003
1.440000000000001e+000	6.602990e-001	-7.797010e-006	2.498213e-003
1.450000000000001e+000	6.606352e-001	-7.893647e-006	2.528490e-003
1.460000000000001e+000	6.609677e-001	-7.990323e-006	2.558762e-003
1.470000000000001e+000	6.612964e-001	-8.087036e-006	2.589029e-003
1.480000000000001e+000	6.616215e-001	-8.183784e-006	2.619289e-003
1.490000000000001e+000	6.619431e-001	-8.280569e-006	2.649544e-003
1.500000000000001e+000	6.622612e-001	-8.377388e-006	2.679793e-003
1.510000000000001e+000	6.625759e-001	-8.474241e-006	2.710035e-003
1.520000000000001e+000	6.628873e-001	-8.571127e-006	2.740271e-003
1.530000000000001e+000	6.631954e-001	-8.668047e-006	2.770500e-003
1.540000000000001e+000	6.635004e-001	-8.764997e-006	2.800722e-003
1.550000000000001e+000	6.638022e-001	-8.861978e-006	2.830937e-003
1.560000000000001e+000	6.641010e-001	-8.958990e-006	2.861144e-003
1.570000000000001e+000	6.643968e-001	-9.056032e-006	2.891344e-003
1.580000000000001e+000	6.646897e-001	-9.153103e-006	2.921536e-003
1.590000000000001e+000	6.649797e-001	-9.250203e-006	2.951720e-003
1.600000000000001e+000	6.652669e-001	-9.347331e-006	2.981896e-003
1.610000000000001e+000	6.655514e-001	-9.444486e-006	3.012063e-003
1.620000000000001e+000	6.658332e-001	-9.541668e-006	3.042222e-003
1.630000000000001e+000	6.661123e-001	-9.638878e-006	3.072372e-003
1.640000000000001e+000	6.663888e-001	-9.736112e-006	3.102513e-003
1.650000000000001e+000	6.666628e-001	-9.833372e-006	3.132646e-003
1.660000000000001e+000	6.669343e-001	-9.930657e-006	3.162769e-003
1.670000000000001e+000	6.672033e-001	-1.002797e-005	3.192883e-003
1.680000000000001e+000	6.674699e-001	-1.012530e-005	3.222988e-003
1.690000000000001e+000	6.677342e-001	-1.022266e-005	3.253083e-003
1.700000000000001e+000	6.679962e-001	-1.032004e-005	3.283169e-003
1.710000000000001e+000	6.682559e-001	-1.041744e-005	3.313245e-003
1.720000000000001e+000	6.685133e-001	-1.051487e-005	3.343311e-003
1.730000000000001e+000	6.687685e-001	-1.061231e-005	3.373367e-003
1.740000000000001e+000	6.690216e-001	-1.070978e-005	3.403413e-003
1.750000000000001e+000	6.692726e-001	-1.080727e-005	3.433449e-003
1.760000000000001e+000	6.695215e-001	-1.090479e-005	3.463474e-003
1.770000000000001e+000	6.697683e-001	-1.100232e-005	3.493489e-003
1.780000000000001e+000	6.700132e-001	-1.109987e-005	3.523494e-003
1.790000000000001e+000	6.702560e-001	-1.119744e-005	3.553488e-003
1.800000000000001e+000	6.704969e-001	-1.129503e-005	3.583471e-003
1.810000000000001e+000	6.707359e-001	-1.139264e-005	3.613443e-003
1.820000000000001e+000	6.709730e-001	-1.149027e-005	3.643405e-003
1.830000000000001e+000	6.712083e-001	-1.158792e-005	3.673355e-003
1.840000000000001e+000	6.714417e-001	-1.168558e-005	3.703295e-003
1.850000000000001e+000	6.716734e-001	-1.178327e-005	3.733223e-003
1.860000000000001e+000	6.719033e-001	-1.188097e-005	3.763140e-003
1.870000000000001e+000	6.721314e-001	-1.197869e-005	3.793046e-003
1.880000000000001e+000	6.723579e-001	-1.207642e-005	3.822941e-003
1.890000000000002e+000	6.725826e-001	-1.217417e-005	3.852824e-003
1.900000000000002e+000	6.728057e-001	-1.227194e-005	3.882696e-003
1.910000000000002e+000	6.730272e-001	-1.236973e-005	3.912556e-003
1.920000000000002e+000	6.732470e-001	-1.246753e-005	3.942404e-003
1.930000000000002e+000	6.734653e-001	-1.256535e-005	3.972241e-003
1.940000000000002e+000	6.736820e-001	-1.266318e-005	4.002066e-003
1.950000000000002e+000	6.738973e-001	-1.276103e-005	4.031880e-003
1.960000000000002e+000	6.741109e-001	-1.285889e-005	4.061681e-003
1.970000000000002e+000	6.743231e-001	-1.295677e-005	4.091471e-003
1.980000000000002e+000	6.745338e-001	-1.305466e-005	4.121248e-003
1.990000000000002e+000	6.747431e-001	-1.315257e-005	4.151014e-003
2.000000000000001e+000	6.749510e-001	-1.325049e-005	4.180767e-003
2.010000000000001e+000	6.751574e-001	-1.334843e-005	4.210508e-003
2.020000000000001e+000	6.753625e-001	-1.344638e-005	4.240238e-003
2.030000000000001e+000	6.755662e-001	-1.354434e-005	4.269955e-003
2.040000000000001e+000	6.757685e-001	-1.364232e-005	4.299659e-003
2.050000000000000e+000	6.759695e-001	-1.374030e-005	4.329352e-003
2.060000000000000e+000	6.761692e-001	-1.383831e-005	4.359032e-003
2.070000000000000e+000	6.763676e-001	-1.393632e-005	4.388699e-003
2.080000000000000e+000	6.765648e-001	-1.403435e-005	4.418354e-003
2.089999999999999e+000	6.767607e-001	-1.413239e-005	4.447998e-003
2.099999999999999e+000	6.769553e-001	-1.423045e-005	4.477628e-003
2.109999999999999e+000	6.771487e-001	-1.432851e-005	4.507245e-003
2.119999999999999e+000	6.773409e-001	-1.442659e-005	4.536850e-003
2.129999999999999e+000	6.775320e-001	-1.452468e-005	4.566443e-003
2.139999999999998e+000	6.777218e-001	-1.462278e-005	4.596023e-003
2.149999999999998e+000	6.779104e-001	-1.472090e-005	4.625590e-003
2.159999999999998e+000	6.780980e-001	-1.481902e-005	4.655144e-003
2.169999999999998e+000	6.782843e-001	-1.491716e-005	4.684686e-003
2.179999999999998e+000	6.784697e-001	-1.501530e-005	4.714215e-003
2.189999999999997e+000	6.786538e-001	-1.511346e-005	4.743731e-003
2.199999999999997e+000	6.788369e-001	-1.521163e-005	4.773234e-003
2.209999999999997e+000	6.790189e-001	-1.530981e-005	4.802725e-003
2.219999999999997e+000	6.791999e-001	-1.540800e-005	4.832202e-003
2.229999999999996e+000	6.793798e-001	-1.550620e-005	4.861667e-003
2.239999999999996e+000	6.795586e-001	-1.560441e-005	4.891119e-003
2.249999999999996e+000	6.797364e-001	-1.570264e-005	4.920557e-003
2.259999999999996e+000	6.799133e-001	-1.580087e-005	4.949983e-003
2.269999999999996e+000	6.800891e-001	-1.589911e-005	4.979396e-003
2.279999999999995e+000	6.802639e-001	-1.599736e-005	5.008795e-003
2.289999999999995e+000	6.804378e-001	-1.609562e-005	5.038182e-003
2.299999999999995e+000	6.806107e-001	-1.619389e-005	5.067555e-003
2.309999999999995e+000	6.807826e-001	-1.629217e-005	5.096916e-003
2.319999999999995e+000	6.809536e-001	-1.639046e-005	5.126263e-003
2.329999999999994e+000	6.811237e-001	-1.648876e-005	5.155597e-003
2.339999999999994e+000	6.812928e-001	-1.658707e-005	5.184919e-003
2.349999999999994e+000	6.814610e-001	-1.668539e-005	5.214226e-003
2.359999999999994e+000	6.816284e-001	-1.678372e-005	5.243521e-003
2.369999999999993e+000	6.817948e-001	-1.688205e-005	5.272802e-003
2.379999999999993e+000	6.819604e-001	-1.698040e-005	5.302071e-003
2.389999999999993e+000	6.821251e-001	-1.707875e-005	5.331326e-003
2.399999999999993e+000	6.822889e-001	-1.717711e-005	5.360567e-003
2.409999999999993e+000	6.824519e-001	-1.727548e-005	5.389796e-003
2.419999999999992e+000	6.826141e-001	-1.737386e-005	5.419012e-003
2.429999999999992e+000	6.827754e-001	-1.747225e-005	5.448213e-003
2.439999999999992e+000	6.829359e-001	-1.757064e-005	5.477402e-003
2.449999999999992e+000	6.830955e-001	-1.766904e-005	5.506577e-003
2.459999999999992e+000	6.832544e-001	-1.776746e-005	5.535739e-003
2.469999999999991e+000	6.834125e-001	-1.786588e-005	5.564888e-003
2.479999999999991e+000	6.835698e-001	-1.796430e-005	5.594024e-003
2.489999999999991e+000	6.837263e-001	-1.806274e-005	5.623146e-003
2.499999999999991e+000	6.838820e-001	-1.816118e-005	5.652254e-003
2.509999999999991e+000	6.840370e-001	-1.825963e-005	5.681350e-003
2.519999999999990e+000	6.841912e-001	-1.835809e-005	5.710432e-003
2.529999999999990e+000	6.843447e-001	-1.845655e-005	5.739500e-003
2.539999999999990e+000	6.844974e-001	-1.855503e-005	5.768555e-003
2.549999999999990e+000	6.846494e-001	-1.865351e-005	5.797597e-003
2.559999999999989e+000	6.848007e-001	-1.875199e-005	5.826626e-003
2.569999999999989e+000	6.849512e-001	-1.885049e-005	5.855640e-003
2.579999999999989e+000	6.851011e-001	-1.894899e-005	5.884642e-003
2.589999999999989e+000	6.852502e-001	-1.904750e-005	5.913630e-003
2.599999999999989e+000	6.853987e-001	-1.914601e-005	5.942604e-003
2.609999999999988e+000	6.855465e-001	-1.924453e-005	5.971565e-003
2.619999999999988e+000	6.856935e-001	-1.934306e-005	6.000513e-003
2.629999999999988e+000	6.858400e-001	-1.944160e-005	6.029447e-003
2.639999999999988e+000	6.859857e-001	-1.954014e-005	6.058368e-003
2.649999999999988e+000	6.861307e-001	-1.963869e-005	6.087275e-003
2.659999999999987e+000	6.862751e-001	-1.973725e-005	6.116169e-003
2.669999999999987e+000	6.864189e-001	-1.983581e-005	6.145049e-003
2.679999999999987e+000	6.865621e-001	-1.993438e-005	6.173916e-003
2.689999999999987e+000	6.867045e-001	-2.003295e-005	6.202769e-003
2.699999999999986e+000	6.868464e-001	-2.013154e-005	6.231609e-003
2.709999999999986e+000	6.869876e-001	-2.023012e-005	6.260436e-003
2.719999999999986e+000	6.871282e-001	-2.032872e-005	6.289249e-003
2.729999999999986e+000	6.872682e-001	-2.042732e-005	6.318048e-003
2.739999999999986e+000	6.874076e-001	-2.052592e-005	6.346834e-003
2.749999999999985e+000	6.875464e-001	-2.062454e-005	6.375607e-003
2.759999999999985e+000	6.876846e-001	-2.072315e-005	6.404365e-003
2.769999999999985e+000	6.878222e-001	-2.082178e-005	6.433111e-003
2.779999999999985e+000	6.879592e-001	-2.092041e-005	6.461843e-003
2.789999999999985e+000	6.880956e-001	-2.101904e-005	6.490561e-003
2.799999999999984e+000	6.882315e-001	-2.111768e-005	6.519266e-003
2.809999999999984e+000	6.883668e-001	-2.121633e-005	6.547958e-003
2.819999999999984e+000	6.885015e-001	-2.131499e-005	6.576635e-003
2.829999999999984e+000	6.886357e-001	-2.141364e-005	6.605300e-003
2.839999999999983e+000	6.887693e-001	-2.151231e-005	6.633951e-003
2.849999999999983e+000	6.889024e-001	-2.161098e-005	6.662588e-003
2.859999999999983e+000	6.890349e-001	-2.170965e-005	6.691212e-003
2.869999999999983e+000	6.891669e-001	-2.180833e-005	6.719823e-003
2.879999999999983e+000	6.892983e-001	-2.190702e-005	6.748420e-003
2.889999999999982e+000	6.894293e-001	-2.200571e-005	6.777003e-003
2.899999999999982e+000	6.895596e-001	-2.210440e-005	6.805573e-003
2.909999999999982e+000	6.896895e-001	-2.220310e-005	6.834129e-003
2.919999999999982e+000	6.898189e-001	-2.230181e-005	6.862672e-003
2.929999999999982e+000	6.899477e-001	-2.240052e-005	6.891202e-003
2.939999999999981e+000	6.900761e-001	-2.249924e-005	6.919717e-003
2.949999999999981e+000	6.902038e-001	-2.259796e-005	6.948220e-003
2.959999999999981e+000	6.903312e-001	-2.269669e-005	6.976709e-003
2.969999999999981e+000	6.904581e-001	-2.279542e-005	7.005184e-003
2.979999999999980e+000	6.905844e-001	-2.289416e-005	7.033647e-003
2.989999999999980e+000	6.907102e-001	-2.299290e-005	7.062095e-003
2.999999999999980e+000	6.908356e-001	-2.309164e-005	7.090530e-003
3.009999999999980e+000	6.909605e-001	-2.319039e-005	7.118952e-003
3.019999999999980e+000	6.910849e-001	-2.328915e-005	7.147360e-003
3.029999999999979e+000	6.912089e-001	-2.338791e-005	7.175754e-003
3.039999999999979e+000	6.913323e-001	-2.348668e-005	7.204136e-003
3.049999999999979e+000	6.914554e-001	-2.358545e-005	7.232503e-003
3.059999999999979e+000	6.915780e-001	-2.368422e-005	7.260858e-003
3.069999999999979e+000	6.917000e-001	-2.378300e-005	7.289199e-003
3.079999999999978e+000	6.918217e-001	-2.388178e-005	7.317526e-003
3.089999999999978e+000	6.919429e-001	-2.398057e-005	7.345840e-003
3.099999999999978e+000	6.920637e-001	-2.407936e-005	7.374140e-003
3.109999999999978e+000	6.921840e-001	-2.417816e-005	7.402427e-003
3.119999999999978e+000	6.923039e-001	-2.427696e-005	7.430702e-003
3.129999999999977e+000	6.924233e-001	-2.437577e-005	7.458962e-003
3.139999999999977e+000	6.925423e-001	-2.447458e-005	7.487209e-003
3.149999999999977e+000	6.926609e-001	-2.457339e-005	7.515442e-003
3.159999999999977e+000	6.927791e-001	-2.467221e-005	7.543662e-003
3.169999999999976e+000	6.928968e-001	-2.477103e-005	7.571869e-003
3.179999999999976e+000	6.930141e-001	-2.486986e-005	7.600062e-003
3.189999999999976e+000	6.931310e-001	-2.496869e-005	7.628242e-003
3.199999999999976e+000	6.932476e-001	-2.506752e-005	7.656408e-003
3.209999999999976e+000	6.933637e-001	-2.516636e-005	7.684561e-003
3.219999999999975e+000	6.934793e-001	-2.526521e-005	7.712701e-003
3.229999999999975e+000	6.935946e-001	-2.536405e-005	7.740827e-003
3.239999999999975e+000	6.937095e-001	-2.546290e-005	7.768940e-003
3.249999999999975e+000	6.938240e-001	-2.556176e-005	7.797040e-003
3.259999999999975e+000	6.939381e-001	-2.566062e-005	7.825126e-003
3.269999999999974e+000	6.940518e-001	-2.575948e-005	7.853199e-003
3.279999999999974e+000	6.941651e-001	-2.585835e-005	7.881259e-003
3.289999999999974e+000	6.942781e-001	-2.595722e-005	7.909304e-003
3.299999999999974e+000	6.943906e-001	-2.605609e-005	7.937337e-003
3.309999999999973e+000	6.945028e-001	-2.615497e-005	7.965357e-003
3.319999999999973e+000	6.946145e-001	-2.625385e-005	7.993364e-003
3.329999999999973e+000	6.947260e-001	-2.635274e-005	8.021357e-003
3.339999999999973e+000	6.948370e-001	-2.645163e-005	8.049336e-003
3.349999999999973e+000	6.949477e-001	-2.655052e-005	8.077302e-003
3.359999999999972e+000	6.950580e-001	-2.664942e-005	8.105256e-003
3.369999999999972e+000	6.951680e-001	-2.674832e-005	8.133195e-003
3.379999999999972e+000	6.952776e-001	-2.684722e-005	8.161122e-003
3.389999999999972e+000	6.953868e-001	-2.694613e-005	8.189036e-003
3.399999999999972e+000	6.954957e-001	-2.704504e-005	8.216935e-003
3.409999999999971e+000	6.956043e-001	-2.714396e-005	8.244822e-003
3.419999999999971e+000	6.957124e-001	-2.724288e-005	8.272695e-003
3.429999999999971e+000	6.958203e-001	-2.734180e-005	8.300556e-003
3.439999999999971e+000	6.959278e-001	-2.744072e-005	8.328403e-003
3.449999999999970e+000	6.960349e-001	-2.753965e-005	8.356237e-003
3.459999999999970e+000	6.961417e-001	-2.763858e-005	8.384057e-003
3.469999999999970e+000	6.962482e-001	-2.773752e-005	8.411865e-003
3.479999999999970e+000	6.963543e-001	-2.783646e-005	8.439659e-003
3.489999999999970e+000	6.964601e-001	-2.793540e-005	8.467440e-003
3.499999999999969e+000	6.965656e-001	-2.803434e-005	8.495208e-003
3.509999999999969e+000	6.966708e-001	-2.813329e-005	8.522963e-003
3.519999999999969e+000	6.967756e-001	-2.823224e-005	8.550704e-003
3.529999999999969e+000	6.968801e-001	-2.833120e-005	8.578433e-003
3.539999999999969e+000	6.969842e-001	-2.843016e-005	8.606148e-003
3.549999999999968e+000	6.970881e-001	-2.852912e-005	8.633850e-003
3.559999999999968e+000	6.971917e-001	-2.862808e-005	8.661539e-003
3.569999999999968e+000	6.972948e-001	-2.872705e-005	8.689214e-003
3.579999999999968e+000	6.973978e-001	-2.882602e-005	8.716878e-003
3.589999999999967e+000	6.975003e-001	-2.892500e-005	8.744527e-003
3.599999999999967e+000	6.976026e-001	-2.902397e-005	8.772164e-003
3.609999999999967e+000	6.977046e-001	-2.912295e-005	8.799787e-003
3.619999999999967e+000	6.978063e-001	-2.922194e-005	8.827398e-003
3.629999999999967e+000	6.979077e-001	-2.932092e-005	8.854995e-003
3.639999999999966e+000	6.980087e-001	-2.941991e-005	8.882578e-003
3.649999999999966e+000	6.981095e-001	-2.951891e-005	8.910149e-003
3.659999999999966e+000	6.982099e-001	-2.961790e-005	8.937708e-003
3.669999999999966e+000	6.983101e-001	-2.971690e-005	8.965253e-003
3.679999999999966e+000	6.984100e-001	-2.981590e-005	8.992785e-003
3.689999999999965e+000	6.985096e-001	-2.991490e-005	9.020303e-003
3.699999999999965e+000	6.986089e-001	-3.001391e-005	9.047810e-003
3.709999999999965e+000	6.987079e-001	-3.011292e-005	9.075303e-003
3.719999999999965e+000	6.988066e-001	-3.021193e-005	9.102782e-003
3.729999999999965e+000	6.989051e-001	-3.031095e-005	9.130250e-003
3.739999999999964e+000	6.990033e-001	-3.040997e-005	9.157703e-003
3.749999999999964e+000	6.991012e-001	-3.050899e-005	9.185145e-003
3.759999999999964e+000	6.991987e-001	-3.060801e-005	9.212573e-003
3.769999999999964e+000	6.992961e-001	-3.070704e-005	9.239987e-003
3.779999999999963e+000	6.993931e-001	-3.080607e-005	9.267390e-003
3.789999999999963e+000	6.994899e-001	-3.090510e-005	9.294779e-003
3.799999999999963e+000	6.995864e-001	-3.100414e-005	9.322155e-003
3.809999999999963e+000	6.996827e-001	-3.110317e-005	9.349518e-003
3.819999999999963e+000	6.997786e-001	-3.120221e-005	9.376870e-003
3.829999999999962e+000	6.998743e-001	-3.130126e-005	9.404207e-003
3.839999999999962e+000	6.999697e-001	-3.140030e-005	9.431532e-003
3.849999999999962e+000	7.000649e-001	-3.149935e-005	9.458844e-003
3.859999999999962e+000	7.001598e-001	-3.159840e-005	9.486143e-003
3.869999999999962e+000	7.002544e-001	-3.169745e-005	9.513428e-003
3.879999999999961e+000	7.003489e-001	-3.179651e-005	9.540701e-003
3.889999999999961e+000	7.004430e-001	-3.189557e-005	9.567962e-003
3.899999999999961e+000	7.005368e-001	-3.199463e-005	9.595210e-003
3.909999999999961e+000	7.006304e-001	-3.209370e-005	9.622444e-003
3.919999999999960e+000	7.007238e-001	-3.219276e-005	9.649666e-003
3.929999999999960e+000	7.008169e-001	-3.229183e-005	9.676876e-003
3.939999999999960e+000	7.009098e-001	-3.239090e-005	9.704071e-003
3.949999999999960e+000	7.010024e-001	-3.248998e-005	9.731255e-003
3.959999999999960e+000	7.010948e-001	-3.258905e-005	9.758426e-003
3.969999999999959e+000	7.011869e-001	-3.268813e-005	9.785583e-003
3.979999999999959e+000	7.012788e-001	-3.278721e-005	9.812729e-003
3.989999999999959e+000	7.013704e-001	-3.288630e-005	9.839862e-003
3.999999999999959e+000	7.014618e-001	-3.298538e-005	9.866981e-003
4.009999999999959e+000	7.015530e-001	-3.308447e-005	9.894088e-003
4.019999999999959e+000	7.016439e-001	-3.318356e-005	9.921182e-003
4.029999999999959e+000	7.017346e-001	-3.328265e-005	9.948264e-003
4.039999999999958e+000	7.018250e-001	-3.338175e-005	9.975333e-003
4.049999999999958e+000	7.019152e-001	-3.348085e-005	1.000239e-002
4.059999999999958e+000	7.020052e-001	-3.357995e-005	1.002943e-002
4.069999999999958e+000	7.020950e-001	-3.367905e-005	1.005646e-002
4.079999999999957e+000	7.021845e-001	-3.377816e-005	1.008348e-002
4.089999999999957e+000	7.022738e-001	-3.387726e-005	1.011049e-002
4.099999999999957e+000	7.023628e-001	-3.397637e-005	1.013748e-002
4.109999999999957e+000	7.024516e-001	-3.407549e-005	1.016446e-002
4.119999999999957e+000	7.025403e-001	-3.417460e-005	1.019143e-002
4.129999999999956e+000	7.026286e-001	-3.427371e-005	1.021838e-002
4.139999999999956e+000	7.027168e-001	-3.437283e-005	1.024533e-002
4.149999999999956e+000	7.028047e-001	-3.447195e-005	1.027225e-002
4.159999999999956e+000	7.028925e-001	-3.457108e-005	1.029917e-002
4.169999999999956e+000	7.029800e-001	-3.467020e-005	1.032608e-002
4.179999999999955e+000	7.030672e-001	-3.476933e-005	1.035297e-002
4.189999999999955e+000	7.031543e-001	-3.486846e-005	1.037985e-002
4.199999999999955e+000	7.032412e-001	-3.496759e-005	1.040671e-002
4.209999999999955e+000	7.033278e-001	-3.506672e-005	1.043357e-002
4.219999999999955e+000	7.034142e-001	-3.516586e-005	1.046041e-002
4.229999999999954e+000	7.035004e-001	-3.526499e-005	1.048724e-002
4.239999999999954e+000	7.035865e-001	-3.536414e-005	1.051406e-002
4.249999999999954e+000	7.036722e-001	-3.546328e-005	1.054086e-002
4.259999999999954e+000	7.037578e-001	-3.556242e-005	1.056765e-002
4.269999999999953e+000	7.038432e-001	-3.566157e-005	1.059443e-002
4.279999999999953e+000	7.039284e-001	-3.576072e-005	1.062120e-002
4.289999999999953e+000	7.040133e-001	-3.585987e-005	1.064795e-002
4.299999999999953e+000	7.040980e-001	-3.595902e-005	1.067470e-002
4.309999999999953e+000	7.041826e-001	-3.605817e-005	1.070143e-002
4.319999999999952e+000	7.042670e-001	-3.615733e-005	1.072814e-002
4.329999999999952e+000	7.043511e-001	-3.625649e-005	1.075485e-002
4.339999999999952e+000	7.044351e-001	-3.635565e-005	1.078154e-002
4.349999999999952e+000	7.045189e-001	-3.645481e-005	1.080822e-002
4.359999999999952e+000	7.046024e-001	-3.655397e-005	1.083489e-002
4.369999999999951e+000	7.046857e-001	-3.665314e-005	1.086154e-002
4.379999999999951e+000	7.047690e-001	-3.675231e-005	1.088819e-002
4.389999999999951e+000	7.048519e-001	-3.685148e-005	1.091482e-002
4.399999999999951e+000	7.049347e-001	-3.695065e-005	1.094144e-002
4.409999999999950e+000	7.050173e-001	-3.704983e-005	1.096804e-002
4.419999999999950e+000	7.050996e-001	-3.714900e-005	1.099463e-002
4.429999999999950e+000	7.051818e-001	-3.724818e-005	1.102122e-002
4.439999999999950e+000	7.052639e-001	-3.734736e-005	1.104778e-002
4.449999999999950e+000	7.053457e-001	-3.744654e-005	1.107434e-002
4.459999999999949e+000	7.054273e-001	-3.754573e-005	1.110089e-002
4.469999999999949e+000	7.055088e-001	-3.764491e-005	1.112742e-002
4.479999999999949e+000	7.055901e-001	-3.774410e-005	1.115394e-002
4.489999999999949e+000	7.056711e-001	-3.784329e-005	1.118044e-002
4.499999999999949e+000	7.057520e-001	-3.794248e-005	1.120694e-002
4.509999999999948e+000	7.058327e-001	-3.804167e-005	1.123342e-002
4.519999999999948e+000	7.059132e-001	-3.814087e-005	1.125989e-002
4.529999999999948e+000	7.059936e-001	-3.824006e-005	1.128635e-002
4.539999999999948e+000	7.060738e-001	-3.833926e-005	1.131280e-002
4.549999999999947e+000	7.061538e-001	-3.843846e-005	1.133923e-002
4.559999999999947e+000	7.062336e-001	-3.853766e-005	1.136565e-002
4.569999999999947e+000	7.063133e-001	-3.863687e-005	1.139207e-002
4.579999999999947e+000	7.063927e-001	-3.873607e-005	1.141846e-002
4.589999999999947e+000	7.064720e-001	-3.883528e-005	1.144485e-002
4.599999999999946e+000	7.065511e-001	-3.893449e-005	1.147122e-002
4.609999999999946e+000	7.066300e-001	-3.903370e-005	1.149758e-002
4.619999999999946e+000	7.067088e-001	-3.913291e-005	1.152393e-002
4.629999999999946e+000	7.067873e-001	-3.923213e-005	1.155027e-002
4.639999999999946e+000	7.068658e-001	-3.933134e-005	1.157659e-002
4.649999999999945e+000	7.069440e-001	-3.943056e-005	1.160291e-002
4.659999999999945e+000	7.070221e-001	-3.952978e-005	1.162921e-002
4.669999999999945e+000	7.071000e-001	-3.962900e-005	1.165550e-002
4.679999999999945e+000	7.071777e-001	-3.972822e-005	1.168177e-002
4.689999999999944e+000	7.072553e-001	-3.982745e-005	1.170804e-002
4.699999999999944e+000	7.073327e-001	-3.992667e-005	1.173429e-002
4.709999999999944e+000	7.074099e-001	-4.002590e-005	1.176053e-002
4.719999999999944e+000	7.074870e-001	-4.012513e-005	1.178676e-002
4.729999999999944e+000	7.075639e-001	-4.022436e-005	1.181298e-002
4.739999999999943e+000	7.076406e-001	-4.032359e-005	1.183918e-002
4.749999999999943e+000	7.077172e-001	-4.042283e-005	1.186537e-002
4.759999999999943e+000	7.077937e-001	-4.052206e-005	1.189155e-002
4.769999999999943e+000	7.078699e-001	-4.062130e-005	1.191772e-002
4.779999999999943e+000	7.079460e-001	-4.072054e-005	1.194388e-002
4.789999999999942e+000	7.080219e-001	-4.081978e-005	1.197002e-002
4.799999999999942e+000	7.080978e-001	-4.091902e-005	1.199616e-002
4.809999999999942e+000	7.081733e-001	-4.101827e-005	1.202228e-002
4.819999999999942e+000	7.082488e-001	-4.111751e-005	1.204839e-002
4.829999999999942e+000	7.083241e-001	-4.121676e-005	1.207448e-002
4.839999999999941e+000	7.083993e-001	-4.131601e-005	1.210057e-002
4.849999999999941e+000	7.084743e-001	-4.141526e-005	1.212664e-002
4.859999999999941e+000	7.085491e-001	-4.151451e-005	1.215270e-002
4.869999999999941e+000	7.086238e-001	-4.161376e-005	1.217875e-002
4.879999999999940e+000	7.086983e-001	-4.171302e-005	1.220479e-002
4.889999999999940e+000	7.087727e-001	-4.181227e-005	1.223081e-002
4.899999999999940e+000	7.088469e-001	-4.191153e-005	1.225683e-002
4.909999999999940e+000	7.089210e-001	-4.201079e-005	1.228283e-002
4.919999999999940e+000	7.089949e-001	-4.211005e-005	1.230882e-002
4.929999999999939e+000	7.090687e-001	-4.220931e-005	1.233480e-002
4.939999999999939e+000	7.091423e-001	-4.230858e-005	1.236076e-002
4.949999999999939e+000	7.092158e-001	-4.240784e-005	1.238672e-002
4.959999999999939e+000	7.092892e-001	-4.250711e-005	1.241266e-002
4.969999999999939e+000	7.093623e-001	-4.260638e-005	1.243859e-002
4.979999999999938e+000	7.094354e-001	-4.270565e-005	1.246451e-002
4.989999999999938e+000	7.095083e-001	-4.280492e-005	1.249042e-002
4.999999999999938e+000	7.095810e-001	-4.290419e-005	1.251632e-002
5.009999999999938e+000	7.096536e-001	-4.300346e-005	1.254220e-002
5.019999999999937e+000	7.097261e-001	-4.310274e-005	1.256807e-002
5.029999999999937e+000	7.097984e-001	-4.320202e-005	1.259394e-002
5.039999999999937e+000	7.098706e-001	-4.330129e-005	1.261978e-002
5.049999999999937e+000	7.099426e-001	-4.340057e-005	1.264562e-002
5.059999999999937e+000	7.100145e-001	-4.349985e-005	1.267145e-002
5.069999999999936e+000	7.100863e-001	-4.359914e-005	1.269726e-002
5.079999999999936e+000	7.101579e-001	-4.369842e-005	1.272306e-002
5.089999999999936e+000	7.102293e-001	-4.379771e-005	1.274886e-002
5.099999999999936e+000	7.103007e-001	-4.389699e-005	1.277463e-002
5.109999999999936e+000	7.103719e-001	-4.399628e-005	1.280040e-002
5.119999999999935e+000	7.104429e-001	-4.409557e-005	1.282616e-002
5.129999999999935e+000	7.105138e-001	-4.419486e-005	1.285190e-002
5.139999999999935e+000	7.105846e-001	-4.429415e-005	1.287763e-002
5.149999999999935e+000	7.106553e-001	-4.439345e-005	1.290336e-002
5.159999999999934e+000	7.107258e-001	-4.449274e-005	1.292907e-002
5.169999999999934e+000	7.107962e-001	-4.459204e-005	1.295476e-002
5.179999999999934e+000	7.108664e-001	-4.469134e-005	1.298045e-002
5.189999999999934e+000	7.109365e-001	-4.479064e-005	1.300612e-002
5.199999999999934e+000	7.110065e-001	-4.488993e-005	1.303179e-002
5.209999999999933e+000	7.110763e-001	-4.498924e-005	1.305744e-002
5.219999999999933e+000	7.111461e-001	-4.508854e-005	1.308308e-002
5.229999999999933e+000	7.112156e-001	-4.518784e-005	1.310871e-002
5.239999999999933e+000	7.112851e-001	-4.528715e-005	1.313433e-002
5.249999999999933e+000	7.113544e-001	-4.538646e-005	1.315993e-002
5.259999999999932e+000	7.114236e-001	-4.548577e-005	1.318553e-002
5.269999999999932e+000	7.114927e-001	-4.558507e-005	1.321111e-002
5.279999999999932e+000	7.115616e-001	-4.568438e-005	1.323668e-002
5.289999999999932e+000	7.116304e-001	-4.578370e-005	1.326224e-002
5.299999999999931e+000	7.116991e-001	-4.588301e-005	1.328779e-002
5.309999999999931e+000	7.117676e-001	-4.598232e-005	1.331333e-002
5.319999999999931e+000	7.118360e-001	-4.608164e-005	1.333885e-002
5.329999999999931e+000	7.119043e-001	-4.618096e-005	1.336437e-002
5.339999999999931e+000	7.119725e-001	-4.628027e-005	1.338987e-002
5.349999999999930e+000	7.120405e-001	-4.637960e-005	1.341536e-002
5.359999999999930e+000	7.121085e-001	-4.647892e-005	1.344084e-002
5.369999999999930e+000	7.121763e-001	-4.657824e-005	1.346631e-002
5.379999999999930e+000	7.122440e-001	-4.667756e-005	1.349177e-002
5.389999999999930e+000	7.123115e-001	-4.677688e-005	1.351721e-002
5.399999999999929e+000	7.123789e-001	-4.687621e-005	1.354265e-002
5.409999999999929e+000	7.124463e-001	-4.697554e-005	1.356807e-002
5.419999999999929e+000	7.125134e-001	-4.707487e-005	1.359348e-002
5.429999999999929e+000	7.125805e-001	-4.717420e-005	1.361888e-002
5.439999999999928e+000	7.126474e-001	-4.727353e-005	1.364427e-002
5.449999999999928e+000	7.127143e-001	-4.737286e-005	1.366965e-002
5.459999999999928e+000	7.127810e-001	-4.747219e-005	1.369502e-002
5.469999999999928e+000	7.128476e-001	-4.757152e-005	1.372037e-002
5.479999999999928e+000	7.129140e-001	-4.767086e-005	1.374572e-002
5.489999999999927e+000	7.129804e-001	-4.777020e-005	1.377105e-002
5.499999999999927e+000	7.130466e-001	-4.786953e-005	1.379637e-002
5.509999999999927e+000	7.131127e-001	-4.796887e-005	1.382168e-002
5.519999999999927e+000	7.131788e-001	-4.806821e-005	1.384698e-002
5.529999999999927e+000	7.132446e-001	-4.816755e-005	1.387227e-002
5.539999999999926e+000	7.133104e-001	-4.826689e-005	1.389755e-002
5.549999999999926e+000	7.133760e-001	-4.836624e-005	1.392282e-002
5.559999999999926e+000	7.134416e-001	-4.846558e-005	1.394807e-002
5.569999999999926e+000	7.135070e-001	-4.856493e-005	1.397331e-002
5.579999999999926e+000	7.135723e-001	-4.866428e-005	1.399855e-002
5.589999999999925e+000	7.136375e-001	-4.876362e-005	1.402377e-002
5.599999999999925e+000	7.137026e-001	-4.886297e-005	1.404898e-002
5.609999999999925e+000	7.137676e-001	-4.896232e-005	1.407418e-002
5.619999999999925e+000	7.138324e-001	-4.906168e-005	1.409936e-002
5.629999999999924e+000	7.138972e-001	-4.916103e-005	1.412454e-002
5.639999999999924e+000	7.139618e-001	-4.926038e-005	1.414971e-002
5.649999999999924e+000	7.140263e-001	-4.935974e-005	1.417486e-002
5.659999999999924e+000	7.140908e-001	-4.945909e-005	1.420000e-002
5.669999999999924e+000	7.141550e-001	-4.955845e-005	1.422514e-002
5.679999999999923e+000	7.142192e-001	-4.965781e-005	1.425026e-002
5.689999999999923e+000	7.142833e-001	-4.975717e-005	1.427537e-002
5.699999999999923e+000	7.143473e-001	-4.985653e-005	1.430047e-002
5.709999999999923e+000	7.144112e-001	-4.995589e-005	1.432555e-002
5.719999999999923e+000	7.144749e-001	-5.005525e-005	1.435063e-002
5.729999999999922e+000	7.145386e-001	-5.015461e-005	1.437570e-002
5.739999999999922e+000	7.146021e-001	-5.025398e-005	1.440075e-002
5.749999999999922e+000	7.146656e-001	-5.035334e-005	1.442580e-002
5.759999999999922e+000	7.147289e-001	-5.045271e-005	1.445083e-002
5.769999999999921e+000	7.147921e-001	-5.055208e-005	1.447585e-002
5.779999999999921e+000	7.148553e-001	-5.065145e-005	1.450086e-002
5.789999999999921e+000	7.149183e-001	-5.075082e-005	1.452586e-002
5.799999999999921e+000	7.149812e-001	-5.085019e-005	1.455085e-002
5.809999999999921e+000	7.150440e-001	-5.094956e-005	1.457583e-002
5.819999999999920e+000	7.151067e-001	-5.104893e-005	1.460080e-002
5.829999999999920e+000	7.151693e-001	-5.114831e-005	1.462575e-002
5.839999999999920e+000	7.152318e-001	-5.124768e-005	1.465070e-002
5.849999999999920e+000	7.152942e-001	-5.134706e-005	1.467563e-002
5.859999999999920e+000	7.153565e-001	-5.144643e-005	1.470056e-002
5.869999999999919e+000	7.154186e-001	-5.154581e-005	1.472547e-002
5.879999999999919e+000	7.154807e-001	-5.164519e-005	1.475037e-002
5.889999999999919e+000	7.155427e-001	-5.174457e-005	1.477526e-002
5.899999999999919e+000	7.156046e-001	-5.184396e-005	1.480014e-002
5.909999999999918e+000	7.156664e-001	-5.194333e-005	1.482501e-002
5.919999999999918e+000	7.157281e-001	-5.204272e-005	1.484987e-002
5.929999999999918e+000	7.157897e-001	-5.214210e-005	1.487472e-002
5.939999999999918e+000	7.158512e-001	-5.224149e-005	1.489956e-002
5.949999999999918e+000	7.159125e-001	-5.234087e-005	1.492438e-002
5.959999999999917e+000	7.159739e-001	-5.244026e-005	1.494920e-002
5.969999999999917e+000	7.160350e-001	-5.253965e-005	1.497400e-002
5.979999999999917e+000	7.160961e-001	-5.263904e-005	1.499880e-002
5.989999999999917e+000	7.161571e-001	-5.273843e-005	1.502358e-002
5.999999999999917e+000	7.162180e-001	-5.283782e-005	1.504835e-002
6.009999999999916e+000	7.162788e-001	-5.293721e-005	1.507311e-002
6.019999999999916e+000	7.163395e-001	-5.303661e-005	1.509786e-002
6.029999999999916e+000	7.164001e-001	-5.313600e-005	1.512260e-002
6.039999999999916e+000	7.164606e-001	-5.323540e-005	1.514733e-002
6.049999999999915e+000	7.165210e-001	-5.333479e-005	1.517205e-002
6.059999999999915e+000	7.165813e-001	-5.343419e-005	1.519676e-002
6.069999999999915e+000	7.166416e-001	-5.353359e-005	1.522146e-002
6.079999999999915e+000	7.167017e-001	-5.363298e-005	1.524614e-002
6.089999999999915e+000	7.167618e-001	-5.373238e-005	1.527082e-002
6.099999999999914e+000	7.168217e-001	-5.383178e-005	1.529548e-002
6.109999999999914e+000	7.168815e-001	-5.393118e-005	1.532014e-002
6.119999999999914e+000	7.169413e-001	-5.403059e-005	1.534478e-002
6.129999999999914e+000	7.170010e-001	-5.412999e-005	1.536942e-002
6.139999999999914e+000	7.170605e-001	-5.422940e-005	1.539404e-002
6.149999999999913e+000	7.171200e-001	-5.432880e-005	1.541865e-002
6.159999999999913e+000	7.171794e-001	-5.442820e-005	1.544325e-002
6.169999999999913e+000	7.172387e-001	-5.452761e-005	1.546784e-002
6.179999999999913e+000	7.172979e-001	-5.462702e-005	1.549242e-002
6.189999999999913e+000	7.173570e-001	-5.472643e-005	1.551699e-002
6.199999999999912e+000	7.174160e-001	-5.482584e-005	1.554155e-002
6.209999999999912e+000	7.174749e-001	-5.492525e-005	1.556610e-002
6.219999999999912e+000	7.175338e-001	-5.502466e-005	1.559064e-002
6.229999999999912e+000	7.175925e-001	-5.512407e-005	1.561516e-002
6.239999999999911e+000	7.176512e-001	-5.522349e-005	1.563968e-002
6.249999999999911e+000	7.177098e-001	-5.532290e-005	1.566419e-002
6.259999999999911e+000	7.177683e-001	-5.542232e-005	1.568868e-002
6.269999999999911e+000	7.178267e-001	-5.552173e-005	1.571317e-002
6.279999999999911e+000	7.178850e-001	-5.562115e-005	1.573764e-002
6.289999999999910e+000	7.179432e-001	-5.572057e-005	1.576211e-002
6.299999999999910e+000	7.180013e-001	-5.581999e-005	1.578656e-002
6.309999999999910e+000	7.180594e-001	-5.591940e-005	1.581100e-002
6.319999999999910e+000	7.181173e-001	-5.601883e-005	1.583544e-002
6.329999999999910e+000	7.181752e-001	-5.611825e-005	1.585986e-002
6.339999999999909e+000	7.182330e-001	-5.621767e-005	1.588427e-002
6.349999999999909e+000	7.182907e-001	-5.631709e-005	1.590867e-002
6.359999999999909e+000	7.183483e-001	-5.641652e-005	1.593306e-002
6.369999999999909e+000	7.184058e-001	-5.651594e-005	1.595744e-002
6.379999999999908e+000	7.184632e-001	-5.661537e-005	1.598181e-002
6.389999999999908e+000	7.185206e-001	-5.671479e-005	1.600617e-002
6.399999999999908e+000	7.185779e-001	-5.681422e-005	1.603052e-002
6.409999999999908e+000	7.186350e-001	-5.691365e-005	1.605486e-002
6.419999999999908e+000	7.186921e-001	-5.701308e-005	1.607919e-002
6.429999999999907e+000	7.187492e-001	-5.711251e-005	1.610351e-002
6.439999999999907e+000	7.188061e-001	-5.721194e-005	1.612782e-002
6.449999999999907e+000	7.188630e-001	-5.731137e-005	1.615211e-002
6.459999999999907e+000	7.189198e-001	-5.741080e-005	1.617640e-002
6.469999999999907e+000	7.189764e-001	-5.751023e-005	1.620068e-002
6.479999999999906e+000	7.190330e-001	-5.760967e-005	1.622494e-002
6.489999999999906e+000	7.190895e-001	-5.770911e-005	1.624920e-002
6.499999999999906e+000	7.191460e-001	-5.780854e-005	1.627345e-002
6.509999999999906e+000	7.192023e-001	-5.790798e-005	1.629768e-002
6.519999999999905e+000	7.192586e-001	-5.800742e-005	1.632191e-002
6.529999999999905e+000	7.193148e-001	-5.810685e-005	1.634612e-002
6.539999999999905e+000	7.193709e-001	-5.820629e-005	1.637033e-002
6.549999999999905e+000	7.194269e-001	-5.830573e-005	1.639452e-002
6.559999999999905e+000	7.194829e-001	-5.840517e-005	1.641870e-002
6.569999999999904e+000	7.195387e-001	-5.850461e-005	1.644288e-002
6.579999999999904e+000	7.195945e-001	-5.860406e-005	1.646704e-002
6.589999999999904e+000	7.196503e-001	-5.870350e-005	1.649120e-002
6.599999999999904e+000	7.197059e-001	-5.880294e-005	1.651534e-002
6.609999999999904e+000	7.197615e-001	-5.890238e-005	1.653947e-002
6.619999999999903e+000	7.198169e-001	-5.900183e-005	1.656360e-002
6.629999999999903e+000	7.198724e-001	-5.910128e-005	1.658771e-002
6.639999999999903e+000	7.199277e-001	-5.920072e-005	1.661181e-002
6.649999999999903e+000	7.199829e-001	-5.930017e-005	1.663590e-002
6.659999999999902e+000	7.200381e-001	-5.939962e-005	1.665999e-002
6.669999999999902e+000	7.200931e-001	-5.949907e-005	1.668406e-002
6.679999999999902e+000	7.201481e-001	-5.959852e-005	1.670812e-002
6.689999999999902e+000	7.202031e-001	-5.969797e-005	1.673217e-002
6.699999999999902e+000	7.202579e-001	-5.979742e-005	1.675621e-002
6.709999999999901e+000	7.203127e-001	-5.989687e-005	1.678025e-002
6.719999999999901e+000	7.203674e-001	-5.999632e-005	1.680427e-002
6.729999999999901e+000	7.204220e-001	-6.009578e-005	1.682828e-002
6.739999999999901e+000	7.204766e-001	-6.019523e-005	1.685228e-002
6.749999999999901e+000	7.205310e-001	-6.029469e-005	1.687627e-002
6.759999999999900e+000	7.205855e-001	-6.039414e-005	1.690025e-002
6.769999999999900e+000	7.206398e-001	-6.049360e-005	1.692422e-002
6.779999999999900e+000	7.206940e-001	-6.059306e-005	1.694818e-002
6.789999999999900e+000	7.207482e-001	-6.069252e-005	1.697213e-002
6.799999999999900e+000	7.208023e-001	-6.079198e-005	1.699607e-002
6.809999999999899e+000	7.208563e-001	-6.089144e-005	1.702001e-002
6.819999999999899e+000	7.209103e-001	-6.099090e-005	1.704393e-002
6.829999999999899e+000	7.209641e-001	-6.109036e-005	1.706784e-002
6.839999999999899e+000	7.210180e-001	-6.118982e-005	1.709174e-002
6.849999999999898e+000	7.210717e-001	-6.128928e-005	1.711563e-002
6.859999999999898e+000	7.211253e-001	-6.138875e-005	1.713951e-002
6.869999999999898e+000	7.211789e-001	-6.148821e-005	1.716338e-002
6.879999999999898e+000	7.212324e-001	-6.158768e-005	1.718724e-002
6.889999999999898e+000	7.212859e-001	-6.168714e-005	1.721109e-002
6.899999999999897e+000	7.213392e-001	-6.178661e-005	1.723493e-002
6.909999999999897e+000	7.213925e-001	-6.188607e-005	1.725877e-002
6.919999999999897e+000	7.214457e-001	-6.198554e-005	1.728259e-002
6.929999999999897e+000	7.214989e-001	-6.208501e-005	1.730640e-002
6.939999999999897e+000	7.215520e-001	-6.218448e-005	1.733020e-002
6.949999999999896e+000	7.216049e-001	-6.228395e-005	1.735399e-002
6.959999999999896e+000	7.216579e-001	-6.238342e-005	1.737777e-002
6.969999999999896e+000	7.217108e-001	-6.248289e-005	1.740154e-002
6.979999999999896e+000	7.217636e-001	-6.258237e-005	1.742530e-002
6.989999999999895e+000	7.218163e-001	-6.268184e-005	1.744905e-002
6.999999999999895e+000	7.218689e-001	-6.278131e-005	1.747280e-002
7.009999999999895e+000	7.219216e-001	-6.288078e-005	1.749653e-002
7.019999999999895e+000	7.219741e-001	-6.298026e-005	1.752025e-002
7.029999999999895e+000	7.220265e-001	-6.307974e-005	1.754396e-002
7.039999999999894e+000	7.220789e-001	-6.317921e-005	1.756767e-002
7.049999999999894e+000	7.221312e-001	-6.327869e-005	1.759136e-002
7.059999999999894e+000	7.221834e-001	-6.337817e-005	1.761504e-002
7.069999999999894e+000	7.222356e-001	-6.347764e-005	1.763871e-002
7.079999999999894e+000	7.222877e-001	-6.357712e-005	1.766238e-002
7.089999999999893e+000	7.223397e-001	-6.367661e-005	1.768603e-002
7.099999999999893e+000	7.223917e-001	-6.377608e-005	1.770967e-002
7.109999999999893e+000	7.224436e-001	-6.387557e-005	1.773331e-002
7.119999999999893e+000	7.224954e-001	-6.397504e-005	1.775693e-002
7.129999999999892e+000	7.225472e-001	-6.407453e-005	1.778055e-002
7.139999999999892e+000	7.225989e-001	-6.417401e-005	1.780415e-002
7.149999999999892e+000	7.226505e-001	-6.427350e-005	1.782775e-002
7.159999999999892e+000	7.227021e-001	-6.437298e-005	1.785133e-002
7.169999999999892e+000	7.227536e-001	-6.447246e-005	1.787491e-002
7.179999999999891e+000	7.228050e-001	-6.457195e-005	1.789847e-002
7.189999999999891e+000	7.228563e-001	-6.467144e-005	1.792203e-002
7.199999999999891e+000	7.229077e-001	-6.477092e-005	1.794557e-002
7.209999999999891e+000	7.229589e-001	-6.487041e-005	1.796911e-002
7.219999999999891e+000	7.230101e-001	-6.496990e-005	1.799264e-002
7.229999999999890e+000	7.230611e-001	-6.506939e-005	1.801615e-002
7.239999999999890e+000	7.231122e-001	-6.516888e-005	1.803966e-002
7.249999999999890e+000	7.231631e-001	-6.526837e-005	1.806316e-002
7.259999999999890e+000	7.232140e-001	-6.536786e-005	1.808665e-002
7.269999999999889e+000	7.232649e-001	-6.546735e-005	1.811013e-002
7.279999999999889e+000	7.233157e-001	-6.556684e-005	1.813360e-002
7.289999999999889e+000	7.233664e-001	-6.566634e-005	1.815705e-002
7.299999999999889e+000	7.234170e-001	-6.576583e-005	1.818050e-002
7.309999999999889e+000	7.234676e-001	-6.586532e-005	1.820394e-002
7.319999999999888e+000	7.235181e-001	-6.596482e-005	1.822737e-002
7.329999999999888e+000	7.235686e-001	-6.606431e-005	1.825080e-002
7.339999999999888e+000	7.236189e-001	-6.616381e-005	1.827421e-002
7.349999999999888e+000	7.236693e-001	-6.626331e-005	1.829761e-002
7.359999999999888e+000	7.237195e-001	-6.636280e-005	1.832100e-002
7.369999999999887e+000	7.237697e-001	-6.646230e-005	1.834438e-002
7.379999999999887e+000	7.238199e-001	-6.656180e-005	1.836775e-002
7.389999999999887e+000	7.238700e-001	-6.666130e-005	1.839112e-002
7.399999999999887e+000	7.239200e-001	-6.676080e-005	1.841447e-002
7.409999999999887e+000	7.239699e-001	-6.686030e-005	1.843782e-002
7.419999999999886e+000	7.240198e-001	-6.695980e-005	1.846115e-002
7.429999999999886e+000	7.240697e-001	-6.705931e-005	1.848448e-002
7.439999999999886e+000	7.241194e-001	-6.715881e-005	1.850779e-002
7.449999999999886e+000	7.241691e-001	-6.725831e-005	1.853110e-002
7.459999999999885e+000	7.242187e-001	-6.735781e-005	1.855440e-002
7.469999999999885e+000	7.242683e-001	-6.745732e-005	1.857768e-002
7.479999999999885e+000	7.243178e-001	-6.755682e-005	1.860096e-002
7.489999999999885e+000	7.243673e-001	-6.765633e-005	1.862423e-002
7.499999999999885e+000	7.244167e-001	-6.775583e-005	1.864749e-002
7.509999999999884e+000	7.244660e-001	-6.785534e-005	1.867074e-002
7.519999999999884e+000	7.245153e-001	-6.795485e-005	1.869398e-002
7.529999999999884e+000	7.245646e-001	-6.805435e-005	1.871721e-002
7.539999999999884e+000	7.246137e-001	-6.815387e-005	1.874043e-002
7.549999999999884e+000	7.246628e-001	-6.825337e-005	1.876364e-002
7.559999999999883e+000	7.247118e-001	-6.835289e-005	1.878684e-002
7.569999999999883e+000	7.247608e-001	-6.845239e-005	1.881003e-002
7.579999999999883e+000	7.248098e-001	-6.855190e-005	1.883322e-002
7.589999999999883e+000	7.248586e-001	-6.865141e-005	1.885639e-002
7.599999999999882e+000	7.249074e-001	-6.875092e-005	1.887956e-002
7.609999999999882e+000	7.249562e-001	-6.885044e-005	1.890271e-002
7.619999999999882e+000	7.250049e-001	-6.894995e-005	1.892586e-002
7.629999999999882e+000	7.250534e-001	-6.904946e-005	1.894899e-002
7.639999999999882e+000	7.251020e-001	-6.914898e-005	1.897212e-002
7.649999999999881e+000	7.251505e-001	-6.924850e-005	1.899524e-002
7.659999999999881e+000	7.251990e-001	-6.934801e-005	1.901835e-002
7.669999999999881e+000	7.252474e-001	-6.944752e-005	1.904145e-002
7.679999999999881e+000	7.252957e-001	-6.954704e-005	1.906454e-002
7.689999999999881e+000	7.253440e-001	-6.964656e-005	1.908762e-002
7.699999999999880e+000	7.253922e-001	-6.974608e-005	1.911069e-002
7.709999999999880e+000	7.254404e-001	-6.984560e-005	1.913375e-002
7.719999999999880e+000	7.254885e-001	-6.994511e-005	1.915680e-002
7.729999999999880e+000	7.255365e-001	-7.004463e-005	1.917985e-002
7.739999999999879e+000	7.255845e-001	-7.014415e-005	1.920288e-002
7.749999999999879e+000	7.256324e-001	-7.024367e-005	1.922591e-002
7.759999999999879e+000	7.256803e-001	-7.034319e-005	1.924892e-002
7.769999999999879e+000	7.257282e-001	-7.044272e-005	1.927193e-002
7.779999999999879e+000	7.257759e-001	-7.054224e-005	1.929493e-002
7.789999999999878e+000	7.258236e-001	-7.064176e-005	1.931791e-002
7.799999999999878e+000	7.258713e-001	-7.074128e-005	1.934089e-002
7.809999999999878e+000	7.259189e-001	-7.084081e-005	1.936386e-002
7.819999999999878e+000	7.259664e-001	-7.094034e-005	1.938682e-002
7.829999999999878e+000	7.260139e-001	-7.103986e-005	1.940977e-002
7.839999999999877e+000	7.260613e-001	-7.113939e-005	1.943271e-002
7.849999999999877e+000	7.261087e-001	-7.123892e-005	1.945565e-002
7.859999999999877e+000	7.261560e-001	-7.133844e-005	1.947857e-002
7.869999999999877e+000	7.262033e-001	-7.143796e-005	1.950148e-002
7.879999999999876e+000	7.262505e-001	-7.153749e-005	1.952439e-002
7.889999999999876e+000	7.262977e-001	-7.163703e-005	1.954729e-002
7.899999999999876e+000	7.263448e-001	-7.173655e-005	1.957017e-002
7.909999999999876e+000	7.263918e-001	-7.183608e-005	1.959305e-002
7.919999999999876e+000	7.264388e-001	-7.193561e-005	1.961592e-002
7.929999999999875e+000	7.264857e-001	-7.203515e-005	1.963878e-002
7.939999999999875e+000	7.265326e-001	-7.213467e-005	1.966163e-002
7.949999999999875e+000	7.265795e-001	-7.223421e-005	1.968447e-002
7.959999999999875e+000	7.266262e-001	-7.233374e-005	1.970730e-002
7.969999999999875e+000	7.266729e-001	-7.243327e-005	1.973012e-002
7.979999999999874e+000	7.267196e-001	-7.253281e-005	1.975294e-002
7.989999999999874e+000	7.267662e-001	-7.263233e-005	1.977574e-002
7.999999999999874e+000	7.268128e-001	-7.273187e-005	1.979854e-002
8.009999999999874e+000	7.268593e-001	-7.283140e-005	1.982132e-002
8.019999999999874e+000	7.269058e-001	-7.293094e-005	1.984410e-002
8.029999999999873e+000	7.269522e-001	-7.303047e-005	1.986687e-002
8.039999999999873e+000	7.269986e-001	-7.313002e-005	1.988963e-002
8.049999999999873e+000	7.270448e-001	-7.322955e-005	1.991238e-002
8.059999999999873e+000	7.270911e-001	-7.332909e-005	1.993512e-002
8.069999999999872e+000	7.271373e-001	-7.342863e-005	1.995785e-002
8.079999999999872e+000	7.271835e-001	-7.352816e-005	1.998058e-002
8.089999999999872e+000	7.272295e-001	-7.362771e-005	2.000329e-002
8.099999999999872e+000	7.272756e-001	-7.372724e-005	2.002600e-002
8.109999999999872e+000	7.273216e-001	-7.382678e-005	2.004869e-002
8.119999999999871e+000	7.273675e-001	-7.392633e-005	2.007138e-002
8.129999999999871e+000	7.274134e-001	-7.402587e-005	2.009406e-002
8.139999999999871e+000	7.274593e-001	-7.412540e-005	2.011673e-002
8.149999999999871e+000	7.275050e-001	-7.422495e-005	2.013939e-002
8.159999999999871e+000	7.275507e-001	-7.432449e-005	2.016204e-002
8.169999999999870e+000	7.275964e-001	-7.442404e-005	2.018468e-002
8.179999999999870e+000	7.276421e-001	-7.452358e-005	2.020732e-002
8.189999999999870e+000	7.276877e-001	-7.462312e-005	2.022994e-002
8.199999999999870e+000	7.277332e-001	-7.472267e-005	2.025256e-002
8.209999999999869e+000	7.277787e-001	-7.482222e-005	2.027516e-002
8.219999999999869e+000	7.278241e-001	-7.492176e-005	2.029776e-002
8.229999999999869e+000	7.278695e-001	-7.502131e-005	2.032035e-002
8.239999999999869e+000	7.279148e-001	-7.512085e-005	2.034293e-002
8.249999999999869e+000	7.279601e-001	-7.522040e-005	2.036550e-002
8.259999999999868e+000	7.280053e-001	-7.531995e-005	2.038806e-002
8.269999999999868e+000	7.280505e-001	-7.541949e-005	2.041062e-002
8.279999999999868e+000	7.280956e-001	-7.551904e-005	2.043316e-002
8.289999999999868e+000	7.281407e-001	-7.561859e-005	2.045570e-002
8.299999999999868e+000	7.281857e-001	-7.571814e-005	2.047822e-002
8.309999999999867e+000	7.282307e-001	-7.581769e-005	2.050074e-002
8.319999999999867e+000	7.282757e-001	-7.591724e-005	2.052325e-002
8.329999999999867e+000	7.283205e-001	-7.601680e-005	2.054575e-002
8.339999999999867e+000	7.283654e-001	-7.611635e-005	2.056824e-002
8.349999999999866e+000	7.284102e-001	-7.621590e-005	2.059073e-002
8.359999999999866e+000	7.284549e-001	-7.631545e-005	2.061320e-002
8.369999999999866e+000	7.284996e-001	-7.641500e-005	2.063566e-002
8.379999999999866e+000	7.285442e-001	-7.651456e-005	2.065812e-002
8.389999999999866e+000	7.285888e-001	-7.661411e-005	2.068057e-002
8.399999999999865e+000	7.286334e-001	-7.671367e-005	2.070301e-002
8.409999999999865e+000	7.286779e-001	-7.681322e-005	2.072544e-002
8.419999999999865e+000	7.287223e-001	-7.691278e-005	2.074786e-002
8.429999999999865e+000	7.287667e-001	-7.701233e-005	2.077027e-002
8.439999999999865e+000	7.288111e-001	-7.711189e-005	2.079267e-002
8.449999999999864e+000	7.288554e-001	-7.721144e-005	2.081507e-002
8.459999999999864e+000	7.288997e-001	-7.731100e-005	2.083746e-002
8.469999999999864e+000	7.289439e-001	-7.741056e-005	2.085983e-002
8.479999999999864e+000	7.289881e-001	-7.751012e-005	2.088220e-002
8.489999999999863e+000	7.290322e-001	-7.760968e-005	2.090456e-002
8.499999999999863e+000	7.290763e-001	-7.770924e-005	2.092691e-002
8.509999999999863e+000	7.291203e-001	-7.780880e-005	2.094926e-002
8.519999999999863e+000	7.291642e-001	-7.790836e-005	2.097159e-002
8.529999999999863e+000	7.292082e-001	-7.800792e-005	2.099391e-002
8.539999999999862e+000	7.292521e-001	-7.810748e-005	2.101623e-002
8.549999999999862e+000	7.292959e-001	-7.820704e-005	2.103854e-002
8.559999999999862e+000	7.293397e-001	-7.830661e-005	2.106084e-002
8.569999999999862e+000	7.293835e-001	-7.840616e-005	2.108313e-002
8.579999999999862e+000	7.294272e-001	-7.850573e-005	2.110541e-002
8.589999999999861e+000	7.294708e-001	-7.860529e-005	2.112768e-002
8.599999999999861e+000	7.295144e-001	-7.870486e-005	2.114995e-002
8.609999999999861e+000	7.295580e-001	-7.880442e-005	2.117220e-002
8.619999999999861e+000	7.296015e-001	-7.890398e-005	2.119445e-002
8.629999999999860e+000	7.296450e-001	-7.900355e-005	2.121669e-002
8.639999999999860e+000	7.296884e-001	-7.910311e-005	2.123892e-002
8.649999999999860e+000	7.297318e-001	-7.920268e-005	2.126114e-002
8.659999999999860e+000	7.297751e-001	-7.930225e-005	2.128335e-002
8.669999999999860e+000	7.298184e-001	-7.940181e-005	2.130556e-002
8.679999999999859e+000	7.298617e-001	-7.950138e-005	2.132775e-002
8.689999999999859e+000	7.299049e-001	-7.960095e-005	2.134994e-002
8.699999999999859e+000	7.299480e-001	-7.970052e-005	2.137212e-002
8.709999999999859e+000	7.299911e-001	-7.980009e-005	2.139429e-002
8.719999999999859e+000	7.300342e-001	-7.989966e-005	2.141645e-002
8.729999999999858e+000	7.300773e-001	-7.999923e-005	2.143860e-002
8.739999999999858e+000	7.301202e-001	-8.009880e-005	2.146075e-002
8.749999999999858e+000	7.301632e-001	-8.019837e-005	2.148288e-002
8.759999999999858e+000	7.302061e-001	-8.029794e-005	2.150501e-002
8.769999999999858e+000	7.302489e-001	-8.039751e-005	2.152713e-002
8.779999999999857e+000	7.302917e-001	-8.049708e-005	2.154924e-002
8.789999999999857e+000	7.303345e-001	-8.059666e-005	2.157134e-002
8.799999999999857e+000	7.303772e-001	-8.069623e-005	2.159343e-002
8.809999999999857e+000	7.304199e-001	-8.079580e-005	2.161552e-002
8.819999999999856e+000	7.304625e-001	-8.089538e-005	2.163760e-002
8.829999999999856e+000	7.305051e-001	-8.099495e-005	2.165966e-002
8.839999999999856e+000	7.305476e-001	-8.109452e-005	2.168172e-002
8.849999999999856e+000	7.305901e-001	-8.119410e-005	2.170377e-002
8.859999999999856e+000	7.306326e-001	-8.129368e-005	2.172581e-002
8.869999999999855e+000	7.306750e-001	-8.139325e-005	2.174785e-002
8.879999999999855e+000	7.307174e-001	-8.149283e-005	2.176987e-002
8.889999999999855e+000	7.307597e-001	-8.159240e-005	2.179189e-002
8.899999999999855e+000	7.308020e-001	-8.169198e-005	2.181390e-002
8.909999999999855e+000	7.308442e-001	-8.179156e-005	2.183590e-002
8.919999999999854e+000	7.308864e-001	-8.189114e-005	2.185789e-002
8.929999999999854e+000	7.309286e-001	-8.199071e-005	2.187987e-002
8.939999999999854e+000	7.309707e-001	-8.209029e-005	2.190185e-002
8.949999999999854e+000	7.310128e-001	-8.218987e-005	2.192382e-002
8.959999999999853e+000	7.310548e-001	-8.228945e-005	2.194577e-002
8.969999999999853e+000	7.310968e-001	-8.238903e-005	2.196772e-002
8.979999999999853e+000	7.311388e-001	-8.248862e-005	2.198966e-002
8.989999999999853e+000	7.311807e-001	-8.258819e-005	2.201160e-002
8.999999999999853e+000	7.312225e-001	-8.268777e-005	2.203352e-002
9.009999999999852e+000	7.312644e-001	-8.278736e-005	2.205544e-002
9.019999999999852e+000	7.313061e-001	-8.288694e-005	2.207735e-002
9.029999999999852e+000	7.313479e-001	-8.298652e-005	2.209925e-002
9.039999999999852e+000	7.313896e-001	-8.308610e-005	2.212114e-002
9.049999999999852e+000	7.314312e-001	-8.318569e-005	2.214302e-002
9.059999999999851e+000	7.314728e-001	-8.328527e-005	2.216489e-002
9.069999999999851e+000	7.315144e-001	-8.338485e-005	2.218676e-002
9.079999999999851e+000	7.315559e-001	-8.348444e-005	2.220862e-002
9.089999999999851e+000	7.315974e-001	-8.358403e-005	2.223047e-002
9.099999999999850e+000	7.316389e-001	-8.368361e-005	2.225231e-002
9.109999999999850e+000	7.316803e-001	-8.378320e-005	2.227414e-002
9.119999999999850e+000	7.317216e-001	-8.388278e-005	2.229597e-002
9.129999999999850e+000	7.317630e-001	-8.398237e-005	2.231778e-002
9.139999999999850e+000	7.318043e-001	-8.408196e-005	2.233959e-002
9.149999999999849e+000	7.318456e-001	-8.418154e-005	2.236139e-002
9.159999999999849e+000	7.318867e-001	-8.428114e-005	2.238318e-002
9.169999999999849e+000	7.319279e-001	-8.438072e-005	2.240497e-002
9.179999999999849e+000	7.319691e-001	-8.448031e-005	2.242674e-002
9.189999999999849e+000	7.320101e-001	-8.457990e-005	2.244851e-002
9.199999999999848e+000	7.320512e-001	-8.467949e-005	2.247027e-002
9.209999999999848e+000	7.320922e-001	-8.477908e-005	2.249202e-002
9.219999999999848e+000	7.321332e-001	-8.487867e-005	2.251376e-002
9.229999999999848e+000	7.321741e-001	-8.497826e-005	2.253549e-002
9.239999999999847e+000	7.322150e-001	-8.507785e-005	2.255722e-002
9.249999999999847e+000	7.322558e-001	-8.517744e-005	2.257893e-002
9.259999999999847e+000	7.322966e-001	-8.527703e-005	2.260064e-002
9.269999999999847e+000	7.323374e-001	-8.537663e-005	2.262235e-002
9.279999999999847e+000	7.323781e-001	-8.547622e-005	2.264404e-002
9.289999999999846e+000	7.324188e-001	-8.557581e-005	2.266572e-002
9.299999999999846e+000	7.324595e-001	-8.567540e-005	2.268740e-002
9.309999999999846e+000	7.325001e-001	-8.577500e-005	2.270907e-002
9.319999999999846e+000	7.325407e-001	-8.587459e-005	2.273073e-002
9.329999999999846e+000	7.325812e-001	-8.597418e-005	2.275238e-002
9.339999999999845e+000	7.326217e-001	-8.607379e-005	2.277402e-002
9.349999999999845e+000	7.326621e-001	-8.617338e-005	2.279566e-002
9.359999999999845e+000	7.327026e-001	-8.627297e-005	2.281729e-002
9.369999999999845e+000	7.327430e-001	-8.637257e-005	2.283891e-002
9.379999999999845e+000	7.327833e-001	-8.647217e-005	2.286052e-002
9.389999999999844e+000	7.328236e-001	-8.657177e-005	2.288212e-002
9.399999999999844e+000	7.328639e-001	-8.667136e-005	2.290372e-002
9.409999999999844e+000	7.329041e-001	-8.677096e-005	2.292530e-002
9.419999999999844e+000	7.329443e-001	-8.687055e-005	2.294688e-002
9.429999999999843e+000	7.329845e-001	-8.697015e-005	2.296845e-002
9.439999999999843e+000	7.330246e-001	-8.706975e-005	2.299001e-002
9.449999999999843e+000	7.330647e-001	-8.716936e-005	2.301157e-002
9.459999999999843e+000	7.331047e-001	-8.726896e-005	2.303312e-002
9.469999999999843e+000	7.331447e-001	-8.736855e-005	2.305466e-002
9.479999999999842e+000	7.331847e-001	-8.746815e-005	2.307619e-002
9.489999999999842e+000	7.332246e-001	-8.756775e-005	2.309771e-002
9.499999999999842e+000	7.332645e-001	-8.766736e-005	2.311922e-002
9.509999999999842e+000	7.333043e-001	-8.776696e-005	2.314073e-002
9.519999999999842e+000	7.333441e-001	-8.786656e-005	2.316223e-002
9.529999999999841e+000	7.333840e-001	-8.796616e-005	2.318372e-002
9.539999999999841e+000	7.334237e-001	-8.806576e-005	2.320520e-002
9.549999999999841e+000	7.334634e-001	-8.816537e-005	2.322667e-002
9.559999999999841e+000	7.335030e-001	-8.826497e-005	2.324814e-002
9.569999999999840e+000	7.335427e-001	-8.836457e-005	2.326960e-002
9.579999999999840e+000	7.335823e-001	-8.846418e-005	2.329105e-002
9.589999999999840e+000	7.336218e-001	-8.856378e-005	2.331249e-002
9.599999999999840e+000	7.336614e-001	-8.866339e-005	2.333393e-002
9.609999999999840e+000	7.337008e-001	-8.876299e-005	2.335535e-002
9.619999999999839e+000	7.337403e-001	-8.886259e-005	2.337677e-002
9.629999999999839e+000	7.337797e-001	-8.896220e-005	2.339818e-002
9.639999999999839e+000	7.338191e-001	-8.906181e-005	2.341958e-002
9.649999999999839e+000	7.338584e-001	-8.916142e-005	2.344098e-002
9.659999999999839e+000	7.338977e-001	-8.926103e-005	2.346236e-002
9.669999999999838e+000	7.339370e-001	-8.936063e-005	2.348374e-002
9.679999999999838e+000	7.339762e-001	-8.946023e-005	2.350511e-002
9.689999999999838e+000	7.340154e-001	-8.955985e-005	2.352647e-002
9.699999999999838e+000	7.340546e-001	-8.965946e-005	2.354783e-002
9.709999999999837e+000	7.340937e-001	-8.975907e-005	2.356918e-002
9.719999999999837e+000	7.341328e-001	-8.985867e-005	2.359052e-002
9.729999999999837e+000	7.341718e-001	-8.995828e-005	2.361185e-002
9.739999999999837e+000	7.342108e-001	-9.005789e-005	2.363317e-002
9.749999999999837e+000	7.342498e-001	-9.015750e-005	2.365449e-002
9.759999999999836e+000	7.342888e-001	-9.025711e-005	2.367579e-002
9.769999999999836e+000	7.343277e-001	-9.035673e-005	2.369709e-002
9.779999999999836e+000	7.343665e-001	-9.045633e-005	2.371838e-002
9.789999999999836e+000	7.344053e-001	-9.055595e-005	2.373967e-002
9.799999999999836e+000	7.344441e-001	-9.065556e-005	2.376094e-002
9.809999999999835e+000	7.344829e-001	-9.075517e-005	2.378221e-002
9.819999999999835e+000	7.345217e-001	-9.085478e-005	2.380347e-002
9.829999999999835e+000	7.345604e-001	-9.095440e-005	2.382473e-002
9.839999999999835e+000	7.345990e-001	-9.105401e-005	2.384597e-002
9.849999999999834e+000	7.346377e-001	-9.115363e-005	2.386720e-002
9.859999999999834e+000	7.346762e-001	-9.125323e-005	2.388844e-002
9.869999999999834e+000	7.347148e-001	-9.135285e-005	2.390966e-002
9.879999999999834e+000	7.347533e-001	-9.145246e-005	2.393087e-002
9.889999999999834e+000	7.347918e-001	-9.155208e-005	2.395207e-002
9.899999999999833e+000	7.348303e-001	-9.165169e-005	2.397327e-002
9.909999999999833e+000	7.348687e-001	-9.175131e-005	2.399446e-002
9.919999999999833e+000	7.349071e-001	-9.185093e-005	2.401564e-002
9.929999999999833e+000	7.349454e-001	-9.195055e-005	2.403682e-002
9.939999999999833e+000	7.349837e-001	-9.205016e-005	2.405798e-002
9.949999999999832e+000	7.350220e-001	-9.214978e-005	2.407914e-002
9.959999999999832e+000	7.350603e-001	-9.224940e-005	2.410029e-002
9.969999999999832e+000	7.350985e-001	-9.234902e-005	2.412144e-002
9.979999999999832e+000	7.351367e-001	-9.244863e-005	2.414257e-002
9.989999999999832e+000	7.351748e-001	-9.254825e-005	2.416370e-002
1.000000000000000e+001	7.352129e-001	-9.264787e-005	2.418482e-002
