r_l	I(Rl)
Step Information: V_i=2.5 R_e=100  (Run: 1/4)
1.000000000000000e-006	1.772134e-002
1.258925411794167e-006	1.772135e-002
1.584893192461113e-006	1.772135e-002
1.995262314968880e-006	1.772135e-002
2.511886431509580e-006	1.772135e-002
3.162277660168380e-006	1.772135e-002
3.981071705534973e-006	1.772135e-002
5.011872336272724e-006	1.772135e-002
6.309573444801935e-006	1.772135e-002
7.943282347242818e-006	1.772135e-002
1.000000000000000e-005	1.772135e-002
1.258925411794168e-005	1.772135e-002
1.584893192461115e-005	1.772135e-002
1.995262314968881e-005	1.772135e-002
2.511886431509582e-005	1.772135e-002
3.162277660168382e-005	1.772135e-002
3.981071705534976e-005	1.772135e-002
5.011872336272727e-005	1.772135e-002
6.309573444801939e-005	1.772135e-002
7.943282347242823e-005	1.772135e-002
1.000000000000001e-004	1.772135e-002
1.258925411794169e-004	1.772135e-002
1.584893192461116e-004	1.772135e-002
1.995262314968882e-004	1.772135e-002
2.511886431509584e-004	1.772135e-002
3.162277660168384e-004	1.772135e-002
3.981071705534979e-004	1.772135e-002
5.011872336272731e-004	1.772135e-002
6.309573444801943e-004	1.772135e-002
7.943282347242828e-004	1.772135e-002
1.000000000000002e-003	1.772135e-002
1.258925411794169e-003	1.772135e-002
1.584893192461117e-003	1.772135e-002
1.995262314968883e-003	1.772135e-002
2.511886431509585e-003	1.772135e-002
3.162277660168385e-003	1.772135e-002
3.981071705534980e-003	1.772135e-002
5.011872336272732e-003	1.772135e-002
6.309573444801944e-003	1.772135e-002
7.943282347242829e-003	1.772135e-002
1.000000000000002e-002	1.772134e-002
1.258925411794170e-002	1.772134e-002
1.584893192461117e-002	1.772134e-002
1.995262314968884e-002	1.772134e-002
2.511886431509586e-002	1.772134e-002
3.162277660168387e-002	1.772134e-002
3.981071705534982e-002	1.772134e-002
5.011872336272736e-002	1.772134e-002
6.309573444801950e-002	1.772134e-002
7.943282347242837e-002	1.772134e-002
1.000000000000003e-001	1.772134e-002
1.258925411794171e-001	1.772133e-002
1.584893192461118e-001	1.772133e-002
1.995262314968886e-001	1.772133e-002
2.511886431509588e-001	1.772132e-002
3.162277660168389e-001	1.772132e-002
3.981071705534985e-001	1.772131e-002
5.011872336272739e-001	1.772130e-002
6.309573444801954e-001	1.772129e-002
7.943282347242842e-001	1.772127e-002
1.000000000000003e+000	1.772126e-002
1.258925411794172e+000	1.772123e-002
1.584893192461119e+000	1.772120e-002
1.995262314968887e+000	1.772117e-002
2.511886431509589e+000	1.772112e-002
3.162277660168391e+000	1.772106e-002
3.981071705534987e+000	1.772099e-002
5.011872336272742e+000	1.772089e-002
6.309573444801957e+000	1.772078e-002
7.943282347242846e+000	1.772063e-002
1.000000000000004e+001	1.772044e-002
1.258925411794172e+001	1.772021e-002
1.584893192461120e+001	1.771992e-002
1.995262314968888e+001	1.771955e-002
2.511886431509591e+001	1.771908e-002
3.162277660168393e+001	1.771849e-002
3.981071705534990e+001	1.771774e-002
5.011872336272745e+001	1.771680e-002
6.309573444801961e+001	1.771561e-002
7.943282347242851e+001	1.771411e-002
1.000000000000005e+002	1.771221e-002
1.258925411794173e+002	1.770979e-002
1.584893192461121e+002	1.770672e-002
1.995262314968889e+002	1.770280e-002
2.511886431509593e+002	1.769780e-002
3.162277660168395e+002	1.769111e-002
3.981071705534993e+002	1.768305e-002
5.011872336272749e+002	1.631765e-002
6.309573444801965e+002	1.302352e-002
7.943282347242857e+002	1.036640e-002
1.000000000000005e+003	8.245056e-003
1.258925411794174e+003	6.555248e-003
1.584893192461122e+003	5.210496e-003
1.995262314968891e+003	4.140924e-003
2.511886431509594e+003	3.290518e-003
3.162277660168397e+003	2.614530e-003
3.981071705534995e+003	2.077277e-003
5.011872336272751e+003	1.650340e-003
6.309573444801968e+003	1.311099e-003
7.943282347242860e+003	1.041566e-003
1.000000000000000e+004	8.274166e-004
Step Information: V_i=5 R_e=100  (Run: 2/4)
1.000000000000000e-006	4.221499e-002
1.258925411794167e-006	4.221499e-002
1.584893192461113e-006	4.221499e-002
1.995262314968880e-006	4.221499e-002
2.511886431509580e-006	4.221499e-002
3.162277660168380e-006	4.221499e-002
3.981071705534973e-006	4.221499e-002
5.011872336272724e-006	4.221499e-002
6.309573444801935e-006	4.221499e-002
7.943282347242818e-006	4.221499e-002
1.000000000000000e-005	4.221499e-002
1.258925411794168e-005	4.221499e-002
1.584893192461115e-005	4.221499e-002
1.995262314968881e-005	4.221499e-002
2.511886431509582e-005	4.221499e-002
3.162277660168382e-005	4.221499e-002
3.981071705534976e-005	4.221499e-002
5.011872336272727e-005	4.221499e-002
6.309573444801939e-005	4.221499e-002
7.943282347242823e-005	4.221499e-002
1.000000000000001e-004	4.221499e-002
1.258925411794169e-004	4.221499e-002
1.584893192461116e-004	4.221499e-002
1.995262314968882e-004	4.221499e-002
2.511886431509584e-004	4.221499e-002
3.162277660168384e-004	4.221499e-002
3.981071705534979e-004	4.221499e-002
5.011872336272731e-004	4.221499e-002
6.309573444801943e-004	4.221499e-002
7.943282347242828e-004	4.221499e-002
1.000000000000002e-003	4.221499e-002
1.258925411794169e-003	4.221499e-002
1.584893192461117e-003	4.221499e-002
1.995262314968883e-003	4.221499e-002
2.511886431509585e-003	4.221499e-002
3.162277660168385e-003	4.221499e-002
3.981071705534980e-003	4.221499e-002
5.011872336272732e-003	4.221499e-002
6.309573444801944e-003	4.221499e-002
7.943282347242829e-003	4.221499e-002
1.000000000000002e-002	4.221499e-002
1.258925411794170e-002	4.221499e-002
1.584893192461117e-002	4.221499e-002
1.995262314968884e-002	4.221498e-002
2.511886431509586e-002	4.221498e-002
3.162277660168387e-002	4.221498e-002
3.981071705534982e-002	4.221497e-002
5.011872336272736e-002	4.221497e-002
6.309573444801950e-002	4.221497e-002
7.943282347242837e-002	4.221496e-002
1.000000000000003e-001	4.221496e-002
1.258925411794171e-001	4.221495e-002
1.584893192461118e-001	4.221494e-002
1.995262314968886e-001	4.221492e-002
2.511886431509588e-001	4.221490e-002
3.162277660168389e-001	4.221488e-002
3.981071705534985e-001	4.221486e-002
5.011872336272739e-001	4.221482e-002
6.309573444801954e-001	4.221478e-002
7.943282347242842e-001	4.221472e-002
1.000000000000003e+000	4.221465e-002
1.258925411794172e+000	4.221456e-002
1.584893192461119e+000	4.221445e-002
1.995262314968887e+000	4.221431e-002
2.511886431509589e+000	4.221414e-002
3.162277660168391e+000	4.221392e-002
3.981071705534987e+000	4.221364e-002
5.011872336272742e+000	4.221329e-002
6.309573444801957e+000	4.221284e-002
7.943282347242846e+000	4.221229e-002
1.000000000000004e+001	4.221158e-002
1.258925411794172e+001	4.221069e-002
1.584893192461120e+001	4.220957e-002
1.995262314968888e+001	4.220816e-002
2.511886431509591e+001	4.220637e-002
3.162277660168393e+001	4.220410e-002
3.981071705534990e+001	4.220122e-002
5.011872336272745e+001	4.219756e-002
6.309573444801961e+001	4.219289e-002
7.943282347242851e+001	4.218692e-002
1.000000000000005e+002	4.217926e-002
1.258925411794173e+002	4.216935e-002
1.584893192461121e+002	3.601145e-002
1.995262314968889e+002	2.877496e-002
2.511886431509593e+002	2.293773e-002
3.162277660168395e+002	1.826542e-002
3.981071705534993e+002	1.453558e-002
5.011872336272749e+002	1.156232e-002
6.309573444801965e+002	9.194301e-003
7.943282347242857e+002	7.309514e-003
1.000000000000005e+003	5.810036e-003
1.258925411794174e+003	4.617508e-003
1.584893192461122e+003	3.669343e-003
1.995262314968891e+003	2.915620e-003
2.511886431509594e+003	2.316557e-003
3.162277660168397e+003	1.840478e-003
3.981071705534995e+003	1.462172e-003
5.011872336272751e+003	1.161588e-003
6.309573444801968e+003	9.227740e-004
7.943282347242860e+003	7.330436e-004
1.000000000000000e+004	5.823297e-004
Step Information: V_i=2.5 R_e=200  (Run: 3/4)
1.000000000000000e-006	8.978430e-003
1.258925411794167e-006	8.978431e-003
1.584893192461113e-006	8.978430e-003
1.995262314968880e-006	8.978430e-003
2.511886431509580e-006	8.978431e-003
3.162277660168380e-006	8.978431e-003
3.981071705534973e-006	8.978430e-003
5.011872336272724e-006	8.978431e-003
6.309573444801935e-006	8.978431e-003
7.943282347242818e-006	8.978431e-003
1.000000000000000e-005	8.978431e-003
1.258925411794168e-005	8.978431e-003
1.584893192461115e-005	8.978431e-003
1.995262314968881e-005	8.978431e-003
2.511886431509582e-005	8.978431e-003
3.162277660168382e-005	8.978431e-003
3.981071705534976e-005	8.978431e-003
5.011872336272727e-005	8.978431e-003
6.309573444801939e-005	8.978431e-003
7.943282347242823e-005	8.978431e-003
1.000000000000001e-004	8.978431e-003
1.258925411794169e-004	8.978431e-003
1.584893192461116e-004	8.978431e-003
1.995262314968882e-004	8.978431e-003
2.511886431509584e-004	8.978431e-003
3.162277660168384e-004	8.978431e-003
3.981071705534979e-004	8.978431e-003
5.011872336272731e-004	8.978431e-003
6.309573444801943e-004	8.978431e-003
7.943282347242828e-004	8.978431e-003
1.000000000000002e-003	8.978431e-003
1.258925411794169e-003	8.978431e-003
1.584893192461117e-003	8.978431e-003
1.995262314968883e-003	8.978431e-003
2.511886431509585e-003	8.978431e-003
3.162277660168385e-003	8.978431e-003
3.981071705534980e-003	8.978431e-003
5.011872336272732e-003	8.978431e-003
6.309573444801944e-003	8.978431e-003
7.943282347242829e-003	8.978431e-003
1.000000000000002e-002	8.978431e-003
1.258925411794170e-002	8.978431e-003
1.584893192461117e-002	8.978431e-003
1.995262314968884e-002	8.978431e-003
2.511886431509586e-002	8.978430e-003
3.162277660168387e-002	8.978430e-003
3.981071705534982e-002	8.978430e-003
5.011872336272736e-002	8.978430e-003
6.309573444801950e-002	8.978430e-003
7.943282347242837e-002	8.978429e-003
1.000000000000003e-001	8.978429e-003
1.258925411794171e-001	8.978428e-003
1.584893192461118e-001	8.978427e-003
1.995262314968886e-001	8.978426e-003
2.511886431509588e-001	8.978426e-003
3.162277660168389e-001	8.978425e-003
3.981071705534985e-001	8.978423e-003
5.011872336272739e-001	8.978420e-003
6.309573444801954e-001	8.978417e-003
7.943282347242842e-001	8.978414e-003
1.000000000000003e+000	8.978410e-003
1.258925411794172e+000	8.978404e-003
1.584893192461119e+000	8.978397e-003
1.995262314968887e+000	8.978388e-003
2.511886431509589e+000	8.978377e-003
3.162277660168391e+000	8.978363e-003
3.981071705534987e+000	8.978345e-003
5.011872336272742e+000	8.978323e-003
6.309573444801957e+000	8.978294e-003
7.943282347242846e+000	8.978260e-003
1.000000000000004e+001	8.978215e-003
1.258925411794172e+001	8.978159e-003
1.584893192461120e+001	8.978088e-003
1.995262314968888e+001	8.977999e-003
2.511886431509591e+001	8.977887e-003
3.162277660168393e+001	8.977746e-003
3.981071705534990e+001	8.977568e-003
5.011872336272745e+001	8.977343e-003
6.309573444801961e+001	8.977060e-003
7.943282347242851e+001	8.976704e-003
1.000000000000005e+002	8.976253e-003
1.258925411794173e+002	8.975683e-003
1.584893192461121e+002	8.974962e-003
1.995262314968889e+002	8.974050e-003
2.511886431509593e+002	8.972893e-003
3.162277660168395e+002	8.971421e-003
3.981071705534993e+002	8.969547e-003
5.011872336272749e+002	8.967151e-003
6.309573444801965e+002	8.964074e-003
7.943282347242857e+002	8.960101e-003
1.000000000000005e+003	8.170376e-003
1.258925411794174e+003	6.516594e-003
1.584893192461122e+003	5.185256e-003
1.995262314968891e+003	4.123115e-003
2.511886431509594e+003	3.277451e-003
3.162277660168397e+003	2.604713e-003
3.981071705534995e+003	2.069790e-003
5.011872336272751e+003	1.644569e-003
6.309573444801968e+003	1.306618e-003
7.943282347242860e+003	1.038062e-003
1.000000000000000e+004	8.246723e-004
Step Information: V_i=5 R_e=200  (Run: 4/4)
1.000000000000000e-006	2.127193e-002
1.258925411794167e-006	2.127193e-002
1.584893192461113e-006	2.127193e-002
1.995262314968880e-006	2.127193e-002
2.511886431509580e-006	2.127193e-002
3.162277660168380e-006	2.127193e-002
3.981071705534973e-006	2.127193e-002
5.011872336272724e-006	2.127193e-002
6.309573444801935e-006	2.127193e-002
7.943282347242818e-006	2.127193e-002
1.000000000000000e-005	2.127193e-002
1.258925411794168e-005	2.127193e-002
1.584893192461115e-005	2.127193e-002
1.995262314968881e-005	2.127193e-002
2.511886431509582e-005	2.127193e-002
3.162277660168382e-005	2.127193e-002
3.981071705534976e-005	2.127193e-002
5.011872336272727e-005	2.127193e-002
6.309573444801939e-005	2.127193e-002
7.943282347242823e-005	2.127193e-002
1.000000000000001e-004	2.127193e-002
1.258925411794169e-004	2.127193e-002
1.584893192461116e-004	2.127193e-002
1.995262314968882e-004	2.127193e-002
2.511886431509584e-004	2.127193e-002
3.162277660168384e-004	2.127193e-002
3.981071705534979e-004	2.127193e-002
5.011872336272731e-004	2.127193e-002
6.309573444801943e-004	2.127193e-002
7.943282347242828e-004	2.127193e-002
1.000000000000002e-003	2.127193e-002
1.258925411794169e-003	2.127193e-002
1.584893192461117e-003	2.127193e-002
1.995262314968883e-003	2.127193e-002
2.511886431509585e-003	2.127193e-002
3.162277660168385e-003	2.127193e-002
3.981071705534980e-003	2.127193e-002
5.011872336272732e-003	2.127193e-002
6.309573444801944e-003	2.127193e-002
7.943282347242829e-003	2.127193e-002
1.000000000000002e-002	2.127193e-002
1.258925411794170e-002	2.127193e-002
1.584893192461117e-002	2.127193e-002
1.995262314968884e-002	2.127193e-002
2.511886431509586e-002	2.127193e-002
3.162277660168387e-002	2.127193e-002
3.981071705534982e-002	2.127193e-002
5.011872336272736e-002	2.127192e-002
6.309573444801950e-002	2.127192e-002
7.943282347242837e-002	2.127192e-002
1.000000000000003e-001	2.127192e-002
1.258925411794171e-001	2.127192e-002
1.584893192461118e-001	2.127192e-002
1.995262314968886e-001	2.127191e-002
2.511886431509588e-001	2.127191e-002
3.162277660168389e-001	2.127190e-002
3.981071705534985e-001	2.127190e-002
5.011872336272739e-001	2.127189e-002
6.309573444801954e-001	2.127188e-002
7.943282347242842e-001	2.127187e-002
1.000000000000003e+000	2.127185e-002
1.258925411794172e+000	2.127183e-002
1.584893192461119e+000	2.127181e-002
1.995262314968887e+000	2.127178e-002
2.511886431509589e+000	2.127174e-002
3.162277660168391e+000	2.127169e-002
3.981071705534987e+000	2.127163e-002
5.011872336272742e+000	2.127155e-002
6.309573444801957e+000	2.127145e-002
7.943282347242846e+000	2.127133e-002
1.000000000000004e+001	2.127117e-002
1.258925411794172e+001	2.127098e-002
1.584893192461120e+001	2.127073e-002
1.995262314968888e+001	2.127042e-002
2.511886431509591e+001	2.127003e-002
3.162277660168393e+001	2.126954e-002
3.981071705534990e+001	2.126891e-002
5.011872336272745e+001	2.126812e-002
6.309573444801961e+001	2.126712e-002
7.943282347242851e+001	2.126585e-002
1.000000000000005e+002	2.126423e-002
1.258925411794173e+002	2.126218e-002
1.584893192461121e+002	2.125955e-002
1.995262314968889e+002	2.125618e-002
2.511886431509593e+002	2.125183e-002
3.162277660168395e+002	1.803411e-002
3.981071705534993e+002	1.439247e-002
5.011872336272749e+002	1.146199e-002
6.309573444801965e+002	9.120438e-003
7.943282347242857e+002	7.253863e-003
1.000000000000005e+003	5.767341e-003
1.258925411794174e+003	4.584427e-003
1.584893192461122e+003	3.643539e-003
1.995262314968891e+003	2.895402e-003
2.511886431509594e+003	2.300667e-003
3.162277660168397e+003	1.827964e-003
3.981071705534995e+003	1.452304e-003
5.011872336272751e+003	1.153794e-003
6.309573444801968e+003	9.166188e-004
7.943282347242860e+003	7.281662e-004
1.000000000000000e+004	5.784502e-004
