vin	V(vgs)	V(vo)	I(Rd)
1.800000000000000e+000	1.800000e+000	4.999639e+000	1.803847e-006
1.801000000000000e+000	1.801000e+000	4.999632e+000	1.839802e-006
1.802000000000000e+000	1.802000e+000	4.999625e+000	1.877208e-006
1.803000000000000e+000	1.803000e+000	4.999617e+000	1.914999e-006
1.804000000000000e+000	1.804000e+000	4.999609e+000	1.953548e-006
1.805000000000000e+000	1.805000e+000	4.999601e+000	1.992873e-006
1.805999999999999e+000	1.806000e+000	4.999593e+000	2.032988e-006
1.806999999999999e+000	1.807000e+000	4.999585e+000	2.073908e-006
1.807999999999999e+000	1.808000e+000	4.999577e+000	2.115651e-006
1.808999999999999e+000	1.809000e+000	4.999568e+000	2.158233e-006
1.809999999999999e+000	1.810000e+000	4.999560e+000	2.201669e-006
1.810999999999999e+000	1.811000e+000	4.999551e+000	2.245979e-006
1.811999999999999e+000	1.812000e+000	4.999542e+000	2.291178e-006
1.812999999999999e+000	1.813000e+000	4.999533e+000	2.337285e-006
1.813999999999999e+000	1.814000e+000	4.999523e+000	2.384319e-006
1.814999999999998e+000	1.815000e+000	4.999514e+000	2.432297e-006
1.815999999999998e+000	1.816000e+000	4.999504e+000	2.481238e-006
1.816999999999998e+000	1.817000e+000	4.999494e+000	2.531163e-006
1.817999999999998e+000	1.818000e+000	4.999484e+000	2.582089e-006
1.818999999999998e+000	1.819000e+000	4.999473e+000	2.634039e-006
1.819999999999998e+000	1.820000e+000	4.999463e+000	2.687031e-006
1.820999999999998e+000	1.821000e+000	4.999452e+000	2.741087e-006
1.821999999999998e+000	1.822000e+000	4.999441e+000	2.796229e-006
1.822999999999998e+000	1.823000e+000	4.999430e+000	2.852477e-006
1.823999999999997e+000	1.824000e+000	4.999418e+000	2.909854e-006
1.824999999999997e+000	1.825000e+000	4.999406e+000	2.968384e-006
1.825999999999997e+000	1.826000e+000	4.999394e+000	3.028087e-006
1.826999999999997e+000	1.827000e+000	4.999382e+000	3.088989e-006
1.827999999999997e+000	1.828000e+000	4.999370e+000	3.151113e-006
1.828999999999997e+000	1.829000e+000	4.999357e+000	3.214484e-006
1.829999999999997e+000	1.830000e+000	4.999344e+000	3.279126e-006
1.830999999999997e+000	1.831000e+000	4.999331e+000	3.345065e-006
1.831999999999997e+000	1.832000e+000	4.999318e+000	3.412327e-006
1.832999999999996e+000	1.833000e+000	4.999304e+000	3.480938e-006
1.833999999999996e+000	1.834000e+000	4.999290e+000	3.550926e-006
1.834999999999996e+000	1.835000e+000	4.999276e+000	3.622317e-006
1.835999999999996e+000	1.836000e+000	4.999261e+000	3.695140e-006
1.836999999999996e+000	1.837000e+000	4.999246e+000	3.769424e-006
1.837999999999996e+000	1.838000e+000	4.999231e+000	3.845197e-006
1.838999999999996e+000	1.839000e+000	4.999216e+000	3.922490e-006
1.839999999999996e+000	1.840000e+000	4.999200e+000	4.001332e-006
1.840999999999996e+000	1.841000e+000	4.999184e+000	4.081755e-006
1.841999999999995e+000	1.842000e+000	4.999167e+000	4.163790e-006
1.842999999999995e+000	1.843000e+000	4.999150e+000	4.247470e-006
1.843999999999995e+000	1.844000e+000	4.999134e+000	4.332828e-006
1.844999999999995e+000	1.845000e+000	4.999116e+000	4.419896e-006
1.845999999999995e+000	1.846000e+000	4.999098e+000	4.508709e-006
1.846999999999995e+000	1.847000e+000	4.999080e+000	4.599302e-006
1.847999999999995e+000	1.848000e+000	4.999062e+000	4.691709e-006
1.848999999999995e+000	1.849000e+000	4.999043e+000	4.785969e-006
1.849999999999995e+000	1.850000e+000	4.999023e+000	4.882117e-006
1.850999999999994e+000	1.851000e+000	4.999004e+000	4.980191e-006
1.851999999999994e+000	1.852000e+000	4.998984e+000	5.080230e-006
1.852999999999994e+000	1.853000e+000	4.998963e+000	5.182272e-006
1.853999999999994e+000	1.854000e+000	4.998943e+000	5.286358e-006
1.854999999999994e+000	1.855000e+000	4.998921e+000	5.392529e-006
1.855999999999994e+000	1.856000e+000	4.998900e+000	5.500826e-006
1.856999999999994e+000	1.857000e+000	4.998878e+000	5.611291e-006
1.857999999999994e+000	1.858000e+000	4.998855e+000	5.723968e-006
1.858999999999994e+000	1.859000e+000	4.998832e+000	5.838900e-006
1.859999999999993e+000	1.860000e+000	4.998809e+000	5.956133e-006
1.860999999999993e+000	1.861000e+000	4.998785e+000	6.075713e-006
1.861999999999993e+000	1.862000e+000	4.998761e+000	6.197686e-006
1.862999999999993e+000	1.863000e+000	4.998735e+000	6.322099e-006
1.863999999999993e+000	1.864000e+000	4.998710e+000	6.449002e-006
1.864999999999993e+000	1.865000e+000	4.998684e+000	6.578445e-006
1.865999999999993e+000	1.866000e+000	4.998658e+000	6.710477e-006
1.866999999999993e+000	1.867000e+000	4.998631e+000	6.845150e-006
1.867999999999993e+000	1.868000e+000	4.998603e+000	6.982517e-006
1.868999999999992e+000	1.869000e+000	4.998576e+000	7.122631e-006
1.869999999999992e+000	1.870000e+000	4.998547e+000	7.265548e-006
1.870999999999992e+000	1.871000e+000	4.998518e+000	7.411322e-006
1.871999999999992e+000	1.872000e+000	4.998488e+000	7.560011e-006
1.872999999999992e+000	1.873000e+000	4.998457e+000	7.711672e-006
1.873999999999992e+000	1.874000e+000	4.998427e+000	7.866365e-006
1.874999999999992e+000	1.875000e+000	4.998395e+000	8.024151e-006
1.875999999999992e+000	1.876000e+000	4.998363e+000	8.185089e-006
1.876999999999992e+000	1.877000e+000	4.998330e+000	8.349244e-006
1.877999999999992e+000	1.878000e+000	4.998297e+000	8.516679e-006
1.878999999999991e+000	1.879000e+000	4.998262e+000	8.687460e-006
1.879999999999991e+000	1.880000e+000	4.998228e+000	8.861652e-006
1.880999999999991e+000	1.881000e+000	4.998192e+000	9.039323e-006
1.881999999999991e+000	1.882000e+000	4.998156e+000	9.220544e-006
1.882999999999991e+000	1.883000e+000	4.998119e+000	9.405383e-006
1.883999999999991e+000	1.884000e+000	4.998081e+000	9.593913e-006
1.884999999999991e+000	1.885000e+000	4.998043e+000	9.786207e-006
1.885999999999991e+000	1.886000e+000	4.998003e+000	9.982340e-006
1.886999999999991e+000	1.887000e+000	4.997963e+000	1.018239e-005
1.887999999999990e+000	1.888000e+000	4.997923e+000	1.038643e-005
1.888999999999990e+000	1.889000e+000	4.997881e+000	1.059454e-005
1.889999999999990e+000	1.890000e+000	4.997838e+000	1.080681e-005
1.890999999999990e+000	1.891000e+000	4.997795e+000	1.102331e-005
1.891999999999990e+000	1.892000e+000	4.997751e+000	1.124413e-005
1.892999999999990e+000	1.893000e+000	4.997706e+000	1.146935e-005
1.893999999999990e+000	1.894000e+000	4.997660e+000	1.169907e-005
1.894999999999990e+000	1.895000e+000	4.997613e+000	1.193337e-005
1.895999999999990e+000	1.896000e+000	4.997566e+000	1.217234e-005
1.896999999999989e+000	1.897000e+000	4.997517e+000	1.241607e-005
1.897999999999989e+000	1.898000e+000	4.997467e+000	1.266466e-005
1.898999999999989e+000	1.899000e+000	4.997416e+000	1.291821e-005
1.899999999999989e+000	1.900000e+000	4.997365e+000	1.317681e-005
1.900999999999989e+000	1.901000e+000	4.997312e+000	1.344056e-005
1.901999999999989e+000	1.902000e+000	4.997258e+000	1.370956e-005
1.902999999999989e+000	1.903000e+000	4.997203e+000	1.398393e-005
1.903999999999989e+000	1.904000e+000	4.997147e+000	1.426376e-005
1.904999999999989e+000	1.905000e+000	4.997090e+000	1.454916e-005
1.905999999999988e+000	1.906000e+000	4.997032e+000	1.484025e-005
1.906999999999988e+000	1.907000e+000	4.996973e+000	1.513713e-005
1.907999999999988e+000	1.908000e+000	4.996912e+000	1.543992e-005
1.908999999999988e+000	1.909000e+000	4.996850e+000	1.574874e-005
1.909999999999988e+000	1.910000e+000	4.996787e+000	1.606370e-005
1.910999999999988e+000	1.911000e+000	4.996723e+000	1.638493e-005
1.911999999999988e+000	1.912000e+000	4.996657e+000	1.671255e-005
1.912999999999988e+000	1.913000e+000	4.996591e+000	1.704669e-005
1.913999999999988e+000	1.914000e+000	4.996522e+000	1.738747e-005
1.914999999999987e+000	1.915000e+000	4.996453e+000	1.773503e-005
1.915999999999987e+000	1.916000e+000	4.996382e+000	1.808950e-005
1.916999999999987e+000	1.917000e+000	4.996310e+000	1.845102e-005
1.917999999999987e+000	1.918000e+000	4.996236e+000	1.881972e-005
1.918999999999987e+000	1.919000e+000	4.996161e+000	1.919575e-005
1.919999999999987e+000	1.920000e+000	4.996084e+000	1.957925e-005
1.920999999999987e+000	1.921000e+000	4.996006e+000	1.997037e-005
1.921999999999987e+000	1.922000e+000	4.995926e+000	2.036925e-005
1.922999999999987e+000	1.923000e+000	4.995845e+000	2.077606e-005
1.923999999999986e+000	1.924000e+000	4.995762e+000	2.119095e-005
1.924999999999986e+000	1.925000e+000	4.995677e+000	2.161407e-005
1.925999999999986e+000	1.926000e+000	4.995591e+000	2.204560e-005
1.926999999999986e+000	1.927000e+000	4.995503e+000	2.248568e-005
1.927999999999986e+000	1.928000e+000	4.995413e+000	2.293450e-005
1.928999999999986e+000	1.929000e+000	4.995322e+000	2.339223e-005
1.929999999999986e+000	1.930000e+000	4.995228e+000	2.385903e-005
1.930999999999986e+000	1.931000e+000	4.995133e+000	2.433509e-005
1.931999999999986e+000	1.932000e+000	4.995036e+000	2.482058e-005
1.932999999999985e+000	1.933000e+000	4.994937e+000	2.531571e-005
1.933999999999985e+000	1.934000e+000	4.994836e+000	2.582064e-005
1.934999999999985e+000	1.935000e+000	4.994733e+000	2.633559e-005
1.935999999999985e+000	1.936000e+000	4.994628e+000	2.686073e-005
1.936999999999985e+000	1.937000e+000	4.994521e+000	2.739628e-005
1.937999999999985e+000	1.938000e+000	4.994411e+000	2.794244e-005
1.938999999999985e+000	1.939000e+000	4.994300e+000	2.849941e-005
1.939999999999985e+000	1.940000e+000	4.994186e+000	2.906741e-005
1.940999999999985e+000	1.941000e+000	4.994071e+000	2.964664e-005
1.941999999999984e+000	1.942000e+000	4.993953e+000	3.023735e-005
1.942999999999984e+000	1.943000e+000	4.993832e+000	3.083974e-005
1.943999999999984e+000	1.944000e+000	4.993709e+000	3.145404e-005
1.944999999999984e+000	1.945000e+000	4.993584e+000	3.208050e-005
1.945999999999984e+000	1.946000e+000	4.993456e+000	3.271934e-005
1.946999999999984e+000	1.947000e+000	4.993326e+000	3.337082e-005
1.947999999999984e+000	1.948000e+000	4.993193e+000	3.403517e-005
1.948999999999984e+000	1.949000e+000	4.993057e+000	3.471264e-005
1.949999999999984e+000	1.950000e+000	4.992919e+000	3.540351e-005
1.950999999999983e+000	1.951000e+000	4.992778e+000	3.610801e-005
1.951999999999983e+000	1.952000e+000	4.992635e+000	3.682643e-005
1.952999999999983e+000	1.953000e+000	4.992488e+000	3.755904e-005
1.953999999999983e+000	1.954000e+000	4.992339e+000	3.830611e-005
1.954999999999983e+000	1.955000e+000	4.992187e+000	3.906791e-005
1.955999999999983e+000	1.956000e+000	4.992031e+000	3.984475e-005
1.956999999999983e+000	1.957000e+000	4.991873e+000	4.063691e-005
1.957999999999983e+000	1.958000e+000	4.991711e+000	4.144469e-005
1.958999999999983e+000	1.959000e+000	4.991546e+000	4.226840e-005
1.959999999999982e+000	1.960000e+000	4.991378e+000	4.310835e-005
1.960999999999982e+000	1.961000e+000	4.991207e+000	4.396485e-005
1.961999999999982e+000	1.962000e+000	4.991032e+000	4.483822e-005
1.962999999999982e+000	1.963000e+000	4.990854e+000	4.572879e-005
1.963999999999982e+000	1.964000e+000	4.990673e+000	4.663691e-005
1.964999999999982e+000	1.965000e+000	4.990488e+000	4.756289e-005
1.965999999999982e+000	1.966000e+000	4.990299e+000	4.850711e-005
1.966999999999982e+000	1.967000e+000	4.990106e+000	4.946990e-005
1.967999999999982e+000	1.968000e+000	4.989910e+000	5.045164e-005
1.968999999999981e+000	1.969000e+000	4.989709e+000	5.145268e-005
1.969999999999981e+000	1.970000e+000	4.989505e+000	5.247340e-005
1.970999999999981e+000	1.971000e+000	4.989297e+000	5.351418e-005
1.971999999999981e+000	1.972000e+000	4.989085e+000	5.457542e-005
1.972999999999981e+000	1.973000e+000	4.988869e+000	5.565751e-005
1.973999999999981e+000	1.974000e+000	4.988648e+000	5.676085e-005
1.974999999999981e+000	1.975000e+000	4.988423e+000	5.788585e-005
1.975999999999981e+000	1.976000e+000	4.988194e+000	5.903293e-005
1.976999999999981e+000	1.977000e+000	4.987959e+000	6.020253e-005
1.977999999999980e+000	1.978000e+000	4.987721e+000	6.139507e-005
1.978999999999980e+000	1.979000e+000	4.987478e+000	6.261100e-005
1.979999999999980e+000	1.980000e+000	4.987230e+000	6.385076e-005
1.980999999999980e+000	1.981000e+000	4.986977e+000	6.511483e-005
1.981999999999980e+000	1.982000e+000	4.986719e+000	6.640367e-005
1.982999999999980e+000	1.983000e+000	4.986456e+000	6.771775e-005
1.983999999999980e+000	1.984000e+000	4.986188e+000	6.905758e-005
1.984999999999980e+000	1.985000e+000	4.985915e+000	7.042362e-005
1.985999999999980e+000	1.986000e+000	4.985637e+000	7.181641e-005
1.986999999999979e+000	1.987000e+000	4.985353e+000	7.323644e-005
1.987999999999979e+000	1.988000e+000	4.985063e+000	7.468425e-005
1.988999999999979e+000	1.989000e+000	4.984768e+000	7.616037e-005
1.989999999999979e+000	1.990000e+000	4.984467e+000	7.766534e-005
1.990999999999979e+000	1.991000e+000	4.984160e+000	7.919972e-005
1.991999999999979e+000	1.992000e+000	4.983847e+000	8.076407e-005
1.992999999999979e+000	1.993000e+000	4.983528e+000	8.235897e-005
1.993999999999979e+000	1.994000e+000	4.983203e+000	8.398500e-005
1.994999999999979e+000	1.995000e+000	4.982872e+000	8.564277e-005
1.995999999999979e+000	1.996000e+000	4.982533e+000	8.733287e-005
1.996999999999978e+000	1.997000e+000	4.982189e+000	8.905593e-005
1.997999999999978e+000	1.998000e+000	4.981837e+000	9.081258e-005
1.998999999999978e+000	1.999000e+000	4.981479e+000	9.260347e-005
1.999999999999978e+000	2.000000e+000	4.981114e+000	9.442924e-005
2.000999999999978e+000	2.001000e+000	4.980742e+000	9.629057e-005
2.001999999999978e+000	2.002000e+000	4.980362e+000	9.818813e-005
2.002999999999978e+000	2.003000e+000	4.979976e+000	1.001226e-004
2.003999999999978e+000	2.004000e+000	4.979581e+000	1.020947e-004
2.004999999999978e+000	2.005000e+000	4.979179e+000	1.041052e-004
2.005999999999978e+000	2.006000e+000	4.978769e+000	1.061548e-004
2.006999999999978e+000	2.007000e+000	4.978351e+000	1.082441e-004
2.007999999999977e+000	2.008000e+000	4.977925e+000	1.103741e-004
2.008999999999977e+000	2.009000e+000	4.977491e+000	1.125454e-004
2.009999999999977e+000	2.010000e+000	4.977048e+000	1.147588e-004
2.010999999999977e+000	2.011000e+000	4.976597e+000	1.170152e-004
2.011999999999977e+000	2.012000e+000	4.976137e+000	1.193154e-004
2.012999999999977e+000	2.013000e+000	4.975668e+000	1.216602e-004
2.013999999999977e+000	2.014000e+000	4.975190e+000	1.240503e-004
2.014999999999977e+000	2.015000e+000	4.974703e+000	1.264868e-004
2.015999999999977e+000	2.016000e+000	4.974206e+000	1.289705e-004
2.016999999999976e+000	2.017000e+000	4.973700e+000	1.315022e-004
2.017999999999976e+000	2.018000e+000	4.973184e+000	1.340829e-004
2.018999999999976e+000	2.019000e+000	4.972657e+000	1.367135e-004
2.019999999999976e+000	2.020000e+000	4.972121e+000	1.393950e-004
2.020999999999976e+000	2.021000e+000	4.971574e+000	1.421283e-004
2.021999999999976e+000	2.022000e+000	4.971017e+000	1.449143e-004
2.022999999999976e+000	2.023000e+000	4.970449e+000	1.477542e-004
2.023999999999976e+000	2.024000e+000	4.969870e+000	1.506488e-004
2.024999999999976e+000	2.025000e+000	4.969280e+000	1.535993e-004
2.025999999999975e+000	2.026000e+000	4.968678e+000	1.566066e-004
2.026999999999975e+000	2.027000e+000	4.968066e+000	1.596720e-004
2.027999999999975e+000	2.028000e+000	4.967441e+000	1.627963e-004
2.028999999999975e+000	2.029000e+000	4.966804e+000	1.659808e-004
2.029999999999975e+000	2.030000e+000	4.966155e+000	1.692266e-004
2.030999999999975e+000	2.031000e+000	4.965493e+000	1.725348e-004
2.031999999999975e+000	2.032000e+000	4.964818e+000	1.759067e-004
2.032999999999975e+000	2.033000e+000	4.964131e+000	1.793433e-004
2.033999999999975e+000	2.034000e+000	4.963431e+000	1.828459e-004
2.034999999999974e+000	2.035000e+000	4.962717e+000	1.864157e-004
2.035999999999974e+000	2.036000e+000	4.961989e+000	1.900541e-004
2.036999999999974e+000	2.037000e+000	4.961247e+000	1.937622e-004
2.037999999999974e+000	2.038000e+000	4.960492e+000	1.975415e-004
2.038999999999974e+000	2.039000e+000	4.959722e+000	2.013931e-004
2.039999999999974e+000	2.040000e+000	4.958936e+000	2.053185e-004
2.040999999999974e+000	2.041000e+000	4.958136e+000	2.093190e-004
2.041999999999974e+000	2.042000e+000	4.957321e+000	2.133961e-004
2.042999999999974e+000	2.043000e+000	4.956490e+000	2.175510e-004
2.043999999999973e+000	2.044000e+000	4.955643e+000	2.217854e-004
2.044999999999973e+000	2.045000e+000	4.954780e+000	2.261007e-004
2.045999999999973e+000	2.046000e+000	4.953900e+000	2.304983e-004
2.046999999999973e+000	2.047000e+000	4.953004e+000	2.349799e-004
2.047999999999973e+000	2.048000e+000	4.952091e+000	2.395469e-004
2.048999999999973e+000	2.049000e+000	4.951160e+000	2.442009e-004
2.049999999999973e+000	2.050000e+000	4.950211e+000	2.489436e-004
2.050999999999973e+000	2.051000e+000	4.949244e+000	2.537766e-004
2.051999999999973e+000	2.052000e+000	4.948260e+000	2.587015e-004
2.052999999999972e+000	2.053000e+000	4.947256e+000	2.637201e-004
2.053999999999972e+000	2.054000e+000	4.946233e+000	2.688340e-004
2.054999999999972e+000	2.055000e+000	4.945191e+000	2.740450e-004
2.055999999999972e+000	2.056000e+000	4.944129e+000	2.793550e-004
2.056999999999972e+000	2.057000e+000	4.943047e+000	2.847656e-004
2.057999999999972e+000	2.058000e+000	4.941944e+000	2.902789e-004
2.058999999999972e+000	2.059000e+000	4.940821e+000	2.958966e-004
2.059999999999972e+000	2.060000e+000	4.939676e+000	3.016207e-004
2.060999999999972e+000	2.061000e+000	4.938509e+000	3.074531e-004
2.061999999999971e+000	2.062000e+000	4.937321e+000	3.133958e-004
2.062999999999971e+000	2.063000e+000	4.936110e+000	3.194508e-004
2.063999999999971e+000	2.064000e+000	4.934876e+000	3.256202e-004
2.064999999999971e+000	2.065000e+000	4.933619e+000	3.319060e-004
2.065999999999971e+000	2.066000e+000	4.932338e+000	3.383104e-004
2.066999999999971e+000	2.067000e+000	4.931033e+000	3.448356e-004
2.067999999999971e+000	2.068000e+000	4.929703e+000	3.514836e-004
2.068999999999971e+000	2.069000e+000	4.928349e+000	3.582568e-004
2.069999999999971e+000	2.070000e+000	4.926969e+000	3.651574e-004
2.070999999999970e+000	2.071000e+000	4.925562e+000	3.721878e-004
2.071999999999970e+000	2.072000e+000	4.924130e+000	3.793502e-004
2.072999999999970e+000	2.073000e+000	4.922670e+000	3.866472e-004
2.073999999999970e+000	2.074000e+000	4.921184e+000	3.940810e-004
2.074999999999970e+000	2.075000e+000	4.919669e+000	4.016542e-004
2.075999999999970e+000	2.076000e+000	4.918126e+000	4.093693e-004
2.076999999999970e+000	2.077000e+000	4.916554e+000	4.172288e-004
2.077999999999970e+000	2.078000e+000	4.914953e+000	4.252353e-004
2.078999999999970e+000	2.079000e+000	4.913321e+000	4.333916e-004
2.079999999999969e+000	2.080000e+000	4.911660e+000	4.417002e-004
2.080999999999969e+000	2.081000e+000	4.909967e+000	4.501639e-004
2.081999999999969e+000	2.082000e+000	4.908243e+000	4.587854e-004
2.082999999999969e+000	2.083000e+000	4.906487e+000	4.675677e-004
2.083999999999969e+000	2.084000e+000	4.904697e+000	4.765136e-004
2.084999999999969e+000	2.085000e+000	4.902875e+000	4.856259e-004
2.085999999999969e+000	2.086000e+000	4.901019e+000	4.949077e-004
2.086999999999969e+000	2.087000e+000	4.899127e+000	5.043619e-004
2.087999999999969e+000	2.088000e+000	4.897202e+000	5.139917e-004
2.088999999999968e+000	2.089000e+000	4.895240e+000	5.238001e-004
2.089999999999968e+000	2.090000e+000	4.893242e+000	5.337904e-004
2.090999999999968e+000	2.091000e+000	4.891207e+000	5.439657e-004
2.091999999999968e+000	2.092000e+000	4.889134e+000	5.543294e-004
2.092999999999968e+000	2.093000e+000	4.887023e+000	5.648846e-004
2.093999999999968e+000	2.094000e+000	4.884873e+000	5.756349e-004
2.094999999999968e+000	2.095000e+000	4.882683e+000	5.865837e-004
2.095999999999968e+000	2.096000e+000	4.880453e+000	5.977345e-004
2.096999999999968e+000	2.097000e+000	4.878182e+000	6.090907e-004
2.097999999999967e+000	2.098000e+000	4.875869e+000	6.206560e-004
2.098999999999967e+000	2.099000e+000	4.873513e+000	6.324342e-004
2.099999999999967e+000	2.100000e+000	4.871114e+000	6.444288e-004
2.100999999999967e+000	2.101000e+000	4.868671e+000	6.566438e-004
2.101999999999967e+000	2.102000e+000	4.866183e+000	6.690828e-004
2.102999999999967e+000	2.103000e+000	4.863650e+000	6.817500e-004
2.103999999999967e+000	2.104000e+000	4.861070e+000	6.946491e-004
2.104999999999967e+000	2.105000e+000	4.858443e+000	7.077843e-004
2.105999999999967e+000	2.106000e+000	4.855768e+000	7.211596e-004
2.106999999999967e+000	2.107000e+000	4.853044e+000	7.347793e-004
2.107999999999966e+000	2.108000e+000	4.850270e+000	7.486474e-004
2.108999999999966e+000	2.109000e+000	4.847446e+000	7.627685e-004
2.109999999999966e+000	2.110000e+000	4.844571e+000	7.771467e-004
2.110999999999966e+000	2.111000e+000	4.841643e+000	7.917866e-004
2.111999999999966e+000	2.112000e+000	4.838662e+000	8.066926e-004
2.112999999999966e+000	2.113000e+000	4.835626e+000	8.218694e-004
2.113999999999966e+000	2.114000e+000	4.832536e+000	8.373215e-004
2.114999999999966e+000	2.115000e+000	4.829389e+000	8.530536e-004
2.115999999999966e+000	2.116000e+000	4.826186e+000	8.690707e-004
2.116999999999965e+000	2.117000e+000	4.822925e+000	8.853775e-004
2.117999999999965e+000	2.118000e+000	4.819604e+000	9.019789e-004
2.118999999999965e+000	2.119000e+000	4.816224e+000	9.188800e-004
2.119999999999965e+000	2.120000e+000	4.812783e+000	9.360860e-004
2.120999999999965e+000	2.121000e+000	4.809279e+000	9.536018e-004
2.121999999999965e+000	2.122000e+000	4.805713e+000	9.714329e-004
2.122999999999965e+000	2.123000e+000	4.802083e+000	9.895846e-004
2.123999999999965e+000	2.124000e+000	4.798388e+000	1.008062e-003
2.124999999999965e+000	2.125000e+000	4.794626e+000	1.026871e-003
2.125999999999964e+000	2.126000e+000	4.790797e+000	1.046017e-003
2.126999999999964e+000	2.127000e+000	4.786899e+000	1.065506e-003
2.127999999999964e+000	2.128000e+000	4.782931e+000	1.085343e-003
2.128999999999964e+000	2.129000e+000	4.778893e+000	1.105534e-003
2.129999999999964e+000	2.130000e+000	4.774783e+000	1.126086e-003
2.130999999999964e+000	2.131000e+000	4.770599e+000	1.147004e-003
2.131999999999964e+000	2.132000e+000	4.766341e+000	1.168294e-003
2.132999999999964e+000	2.133000e+000	4.762008e+000	1.189962e-003
2.133999999999964e+000	2.134000e+000	4.757597e+000	1.212016e-003
2.134999999999963e+000	2.135000e+000	4.753108e+000	1.234460e-003
2.135999999999963e+000	2.136000e+000	4.748539e+000	1.257302e-003
2.136999999999963e+000	2.137000e+000	4.743890e+000	1.280549e-003
2.137999999999963e+000	2.138000e+000	4.739159e+000	1.304206e-003
2.138999999999963e+000	2.139000e+000	4.734344e+000	1.328280e-003
2.139999999999963e+000	2.140000e+000	4.729444e+000	1.352779e-003
2.140999999999963e+000	2.141000e+000	4.724458e+000	1.377710e-003
2.141999999999963e+000	2.142000e+000	4.719384e+000	1.403079e-003
2.142999999999963e+000	2.143000e+000	4.714221e+000	1.428893e-003
2.143999999999962e+000	2.144000e+000	4.708968e+000	1.455160e-003
2.144999999999962e+000	2.145000e+000	4.703622e+000	1.481888e-003
2.145999999999962e+000	2.146000e+000	4.698184e+000	1.509083e-003
2.146999999999962e+000	2.147000e+000	4.692649e+000	1.536753e-003
2.147999999999962e+000	2.148000e+000	4.687019e+000	1.564906e-003
2.148999999999962e+000	2.149000e+000	4.681290e+000	1.593550e-003
2.149999999999962e+000	2.150000e+000	4.675461e+000	1.622692e-003
2.150999999999962e+000	2.151000e+000	4.669532e+000	1.652341e-003
2.151999999999962e+000	2.152000e+000	4.663499e+000	1.682505e-003
2.152999999999961e+000	2.153000e+000	4.657362e+000	1.713192e-003
2.153999999999961e+000	2.154000e+000	4.651118e+000	1.744409e-003
2.154999999999961e+000	2.155000e+000	4.644767e+000	1.776167e-003
2.155999999999961e+000	2.156000e+000	4.638306e+000	1.808472e-003
2.156999999999961e+000	2.157000e+000	4.631733e+000	1.841335e-003
2.157999999999961e+000	2.158000e+000	4.625047e+000	1.874764e-003
2.158999999999961e+000	2.159000e+000	4.618247e+000	1.908767e-003
2.159999999999961e+000	2.160000e+000	4.611330e+000	1.943353e-003
2.160999999999961e+000	2.161000e+000	4.604293e+000	1.978533e-003
2.161999999999960e+000	2.162000e+000	4.597137e+000	2.014315e-003
2.162999999999960e+000	2.163000e+000	4.589859e+000	2.050708e-003
2.163999999999960e+000	2.164000e+000	4.582456e+000	2.087723e-003
2.164999999999960e+000	2.165000e+000	4.574926e+000	2.125368e-003
2.165999999999960e+000	2.166000e+000	4.567269e+000	2.163654e-003
2.166999999999960e+000	2.167000e+000	4.559482e+000	2.202590e-003
2.167999999999960e+000	2.168000e+000	4.551563e+000	2.242187e-003
2.168999999999960e+000	2.169000e+000	4.543509e+000	2.282454e-003
2.169999999999960e+000	2.170000e+000	4.535319e+000	2.323403e-003
2.170999999999959e+000	2.171000e+000	4.526991e+000	2.365043e-003
2.171999999999959e+000	2.172000e+000	4.518523e+000	2.407385e-003
2.172999999999959e+000	2.173000e+000	4.509912e+000	2.450440e-003
2.173999999999959e+000	2.174000e+000	4.501156e+000	2.494218e-003
2.174999999999959e+000	2.175000e+000	4.492254e+000	2.538730e-003
2.175999999999959e+000	2.176000e+000	4.483202e+000	2.583989e-003
2.176999999999959e+000	2.177000e+000	4.473999e+000	2.630004e-003
2.177999999999959e+000	2.178000e+000	4.464643e+000	2.676788e-003
2.178999999999959e+000	2.179000e+000	4.455130e+000	2.724351e-003
2.179999999999958e+000	2.180000e+000	4.445459e+000	2.772706e-003
2.180999999999958e+000	2.181000e+000	4.435627e+000	2.821865e-003
2.181999999999958e+000	2.182000e+000	4.425632e+000	2.871838e-003
2.182999999999958e+000	2.183000e+000	4.415472e+000	2.922639e-003
2.183999999999958e+000	2.184000e+000	4.405144e+000	2.974280e-003
2.184999999999958e+000	2.185000e+000	4.394645e+000	3.026773e-003
2.185999999999958e+000	2.186000e+000	4.383974e+000	3.080131e-003
2.186999999999958e+000	2.187000e+000	4.373127e+000	3.134365e-003
2.187999999999958e+000	2.188000e+000	4.362102e+000	3.189491e-003
2.188999999999957e+000	2.189000e+000	4.350896e+000	3.245519e-003
2.189999999999957e+000	2.190000e+000	4.339507e+000	3.302464e-003
2.190999999999957e+000	2.191000e+000	4.327932e+000	3.360338e-003
2.191999999999957e+000	2.192000e+000	4.316169e+000	3.419155e-003
2.192999999999957e+000	2.193000e+000	4.304214e+000	3.478930e-003
2.193999999999957e+000	2.194000e+000	4.292065e+000	3.539674e-003
2.194999999999957e+000	2.195000e+000	4.279719e+000	3.601404e-003
2.195999999999957e+000	2.196000e+000	4.267174e+000	3.664132e-003
2.196999999999957e+000	2.197000e+000	4.254426e+000	3.727872e-003
2.197999999999956e+000	2.198000e+000	4.241472e+000	3.792640e-003
2.198999999999956e+000	2.199000e+000	4.228310e+000	3.858449e-003
2.199999999999956e+000	2.200000e+000	4.214937e+000	3.925316e-003
2.200999999999956e+000	2.201000e+000	4.201349e+000	3.993253e-003
2.201999999999956e+000	2.202000e+000	4.187545e+000	4.062277e-003
2.202999999999956e+000	2.203000e+000	4.173520e+000	4.132402e-003
2.203999999999956e+000	2.204000e+000	4.159271e+000	4.203645e-003
2.204999999999956e+000	2.205000e+000	4.144796e+000	4.276020e-003
2.205999999999956e+000	2.206000e+000	4.130091e+000	4.349543e-003
2.206999999999955e+000	2.207000e+000	4.115154e+000	4.424230e-003
2.207999999999955e+000	2.208000e+000	4.099980e+000	4.500098e-003
2.208999999999955e+000	2.209000e+000	4.084568e+000	4.577162e-003
2.209999999999955e+000	2.210000e+000	4.068913e+000	4.655438e-003
2.210999999999955e+000	2.211000e+000	4.053011e+000	4.734945e-003
2.211999999999955e+000	2.212000e+000	4.036860e+000	4.815697e-003
2.212999999999955e+000	2.213000e+000	4.020458e+000	4.897711e-003
2.213999999999955e+000	2.214000e+000	4.003799e+000	4.981006e-003
2.214999999999955e+000	2.215000e+000	3.986881e+000	5.065598e-003
2.215999999999955e+000	2.216000e+000	3.969699e+000	5.151504e-003
2.216999999999954e+000	2.217000e+000	3.952251e+000	5.238743e-003
2.217999999999954e+000	2.218000e+000	3.934534e+000	5.327331e-003
2.218999999999954e+000	2.219000e+000	3.916543e+000	5.417286e-003
2.219999999999954e+000	2.220000e+000	3.898274e+000	5.508628e-003
2.220999999999954e+000	2.221000e+000	3.879725e+000	5.601374e-003
2.221999999999954e+000	2.222000e+000	3.860892e+000	5.695542e-003
2.222999999999954e+000	2.223000e+000	3.841770e+000	5.791151e-003
2.223999999999954e+000	2.224000e+000	3.822356e+000	5.888219e-003
2.224999999999954e+000	2.225000e+000	3.802647e+000	5.986767e-003
2.225999999999953e+000	2.226000e+000	3.782638e+000	6.086812e-003
2.226999999999953e+000	2.227000e+000	3.762325e+000	6.188374e-003
2.227999999999953e+000	2.228000e+000	3.741705e+000	6.291474e-003
2.228999999999953e+000	2.229000e+000	3.720774e+000	6.396129e-003
2.229999999999953e+000	2.230000e+000	3.699528e+000	6.502360e-003
2.230999999999953e+000	2.231000e+000	3.677963e+000	6.610187e-003
2.231999999999953e+000	2.232000e+000	3.656074e+000	6.719630e-003
2.232999999999953e+000	2.233000e+000	3.633858e+000	6.830709e-003
2.233999999999953e+000	2.234000e+000	3.611311e+000	6.943446e-003
2.234999999999952e+000	2.235000e+000	3.588428e+000	7.057860e-003
2.235999999999952e+000	2.236000e+000	3.565206e+000	7.173972e-003
2.236999999999952e+000	2.237000e+000	3.541639e+000	7.291804e-003
2.237999999999952e+000	2.238000e+000	3.517725e+000	7.411376e-003
2.238999999999952e+000	2.239000e+000	3.493458e+000	7.532710e-003
2.239999999999952e+000	2.240000e+000	3.468834e+000	7.655828e-003
2.240999999999952e+000	2.241000e+000	3.443850e+000	7.780751e-003
2.241999999999952e+000	2.242000e+000	3.418500e+000	7.907501e-003
2.242999999999952e+000	2.243000e+000	3.392780e+000	8.036101e-003
2.243999999999951e+000	2.244000e+000	3.366686e+000	8.166572e-003
2.244999999999951e+000	2.245000e+000	3.340213e+000	8.298936e-003
2.245999999999951e+000	2.246000e+000	3.313357e+000	8.433217e-003
2.246999999999951e+000	2.247000e+000	3.286113e+000	8.569436e-003
2.247999999999951e+000	2.248000e+000	3.258476e+000	8.707618e-003
2.248999999999951e+000	2.249000e+000	3.230443e+000	8.847784e-003
2.249999999999951e+000	2.250000e+000	3.202008e+000	8.989959e-003
2.250999999999951e+000	2.251000e+000	3.173167e+000	9.134166e-003
2.251999999999951e+000	2.252000e+000	3.143914e+000	9.280427e-003
2.252999999999950e+000	2.253000e+000	3.114246e+000	9.428767e-003
2.253999999999950e+000	2.254000e+000	3.084158e+000	9.579211e-003
2.254999999999950e+000	2.255000e+000	3.053644e+000	9.731781e-003
2.255999999999950e+000	2.256000e+000	3.022700e+000	9.886502e-003
2.256999999999950e+000	2.257000e+000	2.991320e+000	1.004340e-002
2.257999999999950e+000	2.258000e+000	2.959501e+000	1.020249e-002
2.258999999999950e+000	2.259000e+000	2.927237e+000	1.036382e-002
2.259999999999950e+000	2.260000e+000	2.894523e+000	1.052739e-002
2.260999999999950e+000	2.261000e+000	2.861354e+000	1.069323e-002
2.261999999999949e+000	2.262000e+000	2.827725e+000	1.086138e-002
2.262999999999949e+000	2.263000e+000	2.793631e+000	1.103184e-002
2.263999999999949e+000	2.264000e+000	2.759067e+000	1.120466e-002
2.264999999999949e+000	2.265000e+000	2.724028e+000	1.137986e-002
2.265999999999949e+000	2.266000e+000	2.688508e+000	1.155746e-002
2.266999999999949e+000	2.267000e+000	2.652503e+000	1.173748e-002
2.267999999999949e+000	2.268000e+000	2.616007e+000	1.191996e-002
2.268999999999949e+000	2.269000e+000	2.579015e+000	1.210492e-002
2.269999999999949e+000	2.270000e+000	2.541522e+000	1.229239e-002
2.270999999999948e+000	2.271000e+000	2.503522e+000	1.248239e-002
2.271999999999948e+000	2.272000e+000	2.465011e+000	1.267495e-002
2.272999999999948e+000	2.273000e+000	2.425982e+000	1.287009e-002
2.273999999999948e+000	2.274000e+000	2.386430e+000	1.306785e-002
2.274999999999948e+000	2.275000e+000	2.346350e+000	1.326825e-002
2.275999999999948e+000	2.276000e+000	2.305737e+000	1.347131e-002
2.276999999999948e+000	2.277000e+000	2.264585e+000	1.367708e-002
2.277999999999948e+000	2.278000e+000	2.222888e+000	1.388556e-002
2.278999999999948e+000	2.279000e+000	2.180641e+000	1.409679e-002
2.279999999999947e+000	2.280000e+000	2.137839e+000	1.431080e-002
2.280999999999947e+000	2.281000e+000	2.094476e+000	1.452762e-002
2.281999999999947e+000	2.282000e+000	2.050546e+000	1.474727e-002
2.282999999999947e+000	2.283000e+000	2.006043e+000	1.496978e-002
2.283999999999947e+000	2.284000e+000	1.960963e+000	1.519519e-002
2.284999999999947e+000	2.285000e+000	1.915299e+000	1.542351e-002
2.285999999999947e+000	2.286000e+000	1.869045e+000	1.565477e-002
2.286999999999947e+000	2.287000e+000	1.822197e+000	1.588902e-002
2.287999999999947e+000	2.288000e+000	1.774748e+000	1.612626e-002
2.288999999999946e+000	2.289000e+000	1.726692e+000	1.636654e-002
2.289999999999946e+000	2.290000e+000	1.678024e+000	1.660988e-002
2.290999999999946e+000	2.291000e+000	1.628737e+000	1.685631e-002
2.291999999999946e+000	2.292000e+000	1.578827e+000	1.710587e-002
2.292999999999946e+000	2.293000e+000	1.528287e+000	1.735857e-002
2.293999999999946e+000	2.294000e+000	1.477111e+000	1.761444e-002
2.294999999999946e+000	2.295000e+000	1.425294e+000	1.787353e-002
2.295999999999946e+000	2.296000e+000	1.372829e+000	1.813586e-002
2.296999999999946e+000	2.297000e+000	1.319710e+000	1.840145e-002
2.297999999999945e+000	2.298000e+000	1.265933e+000	1.867034e-002
2.298999999999945e+000	2.299000e+000	1.211490e+000	1.894255e-002
2.299999999999945e+000	2.300000e+000	1.156376e+000	1.921812e-002
2.300999999999945e+000	2.301000e+000	1.100585e+000	1.949708e-002
2.301999999999945e+000	2.302000e+000	1.044110e+000	1.977945e-002
2.302999999999945e+000	2.303000e+000	9.869459e-001	2.006527e-002
2.303999999999945e+000	2.304000e+000	9.290866e-001	2.035457e-002
2.304999999999945e+000	2.305000e+000	8.705259e-001	2.064737e-002
2.305999999999945e+000	2.306000e+000	8.112577e-001	2.094371e-002
2.306999999999944e+000	2.307000e+000	7.512761e-001	2.124362e-002
2.307999999999944e+000	2.308000e+000	6.905748e-001	2.154713e-002
2.308999999999944e+000	2.309000e+000	6.291478e-001	2.185426e-002
2.309999999999944e+000	2.310000e+000	5.669889e-001	2.216506e-002
2.310999999999944e+000	2.311000e+000	5.040920e-001	2.247954e-002
2.311999999999944e+000	2.312000e+000	4.404511e-001	2.279774e-002
2.312999999999944e+000	2.313000e+000	3.760598e-001	2.311970e-002
2.313999999999944e+000	2.314000e+000	3.109121e-001	2.344544e-002
2.314999999999944e+000	2.315000e+000	2.450018e-001	2.377499e-002
2.315999999999943e+000	2.316000e+000	1.783228e-001	2.410839e-002
2.316999999999943e+000	2.317000e+000	1.108687e-001	2.444566e-002
2.317999999999943e+000	2.318000e+000	7.265045e-002	2.463675e-002
2.318999999999943e+000	2.319000e+000	6.846160e-002	2.465769e-002
2.319999999999943e+000	2.320000e+000	6.561906e-002	2.467190e-002
2.320999999999943e+000	2.321000e+000	6.347516e-002	2.468262e-002
2.321999999999943e+000	2.322000e+000	6.164597e-002	2.469177e-002
2.322999999999943e+000	2.323000e+000	6.004376e-002	2.469978e-002
2.323999999999943e+000	2.324000e+000	5.861461e-002	2.470693e-002
2.324999999999942e+000	2.325000e+000	5.731953e-002	2.471340e-002
2.325999999999942e+000	2.326000e+000	5.613200e-002	2.471934e-002
2.326999999999942e+000	2.327000e+000	5.503318e-002	2.472483e-002
2.327999999999942e+000	2.328000e+000	5.400904e-002	2.472995e-002
2.328999999999942e+000	2.329000e+000	5.304887e-002	2.473476e-002
2.329999999999942e+000	2.330000e+000	5.214425e-002	2.473928e-002
2.330999999999942e+000	2.331000e+000	5.128841e-002	2.474356e-002
2.331999999999942e+000	2.332000e+000	5.047585e-002	2.474762e-002
2.332999999999942e+000	2.333000e+000	4.970201e-002	2.475149e-002
2.333999999999942e+000	2.334000e+000	4.896304e-002	2.475519e-002
2.334999999999941e+000	2.335000e+000	4.825569e-002	2.475872e-002
2.335999999999941e+000	2.336000e+000	4.757718e-002	2.476211e-002
2.336999999999941e+000	2.337000e+000	4.692509e-002	2.476537e-002
2.337999999999941e+000	2.338000e+000	4.629733e-002	2.476851e-002
2.338999999999941e+000	2.339000e+000	4.569205e-002	2.477154e-002
2.339999999999941e+000	2.340000e+000	4.510763e-002	2.477446e-002
2.340999999999941e+000	2.341000e+000	4.454261e-002	2.477729e-002
2.341999999999941e+000	2.342000e+000	4.399570e-002	2.478002e-002
2.342999999999941e+000	2.343000e+000	4.346576e-002	2.478267e-002
2.343999999999940e+000	2.344000e+000	4.295172e-002	2.478524e-002
2.344999999999940e+000	2.345000e+000	4.245266e-002	2.478774e-002
2.345999999999940e+000	2.346000e+000	4.196772e-002	2.479016e-002
2.346999999999940e+000	2.347000e+000	4.149611e-002	2.479252e-002
2.347999999999940e+000	2.348000e+000	4.103711e-002	2.479482e-002
2.348999999999940e+000	2.349000e+000	4.059009e-002	2.479705e-002
2.349999999999940e+000	2.350000e+000	4.015442e-002	2.479923e-002
2.350999999999940e+000	2.351000e+000	3.972957e-002	2.480135e-002
2.351999999999940e+000	2.352000e+000	3.931501e-002	2.480342e-002
2.352999999999939e+000	2.353000e+000	3.891028e-002	2.480545e-002
2.353999999999939e+000	2.354000e+000	3.851493e-002	2.480743e-002
2.354999999999939e+000	2.355000e+000	3.812855e-002	2.480936e-002
2.355999999999939e+000	2.356000e+000	3.775076e-002	2.481125e-002
2.356999999999939e+000	2.357000e+000	3.738120e-002	2.481309e-002
2.357999999999939e+000	2.358000e+000	3.701954e-002	2.481490e-002
2.358999999999939e+000	2.359000e+000	3.666547e-002	2.481667e-002
2.359999999999939e+000	2.360000e+000	3.631869e-002	2.481841e-002
2.360999999999939e+000	2.361000e+000	3.597894e-002	2.482011e-002
2.361999999999938e+000	2.362000e+000	3.564593e-002	2.482177e-002
2.362999999999938e+000	2.363000e+000	3.531944e-002	2.482340e-002
2.363999999999938e+000	2.364000e+000	3.499924e-002	2.482500e-002
2.364999999999938e+000	2.365000e+000	3.468510e-002	2.482658e-002
2.365999999999938e+000	2.366000e+000	3.437681e-002	2.482812e-002
2.366999999999938e+000	2.367000e+000	3.407419e-002	2.482963e-002
2.367999999999938e+000	2.368000e+000	3.377705e-002	2.483111e-002
2.368999999999938e+000	2.369000e+000	3.348520e-002	2.483257e-002
2.369999999999938e+000	2.370000e+000	3.319849e-002	2.483401e-002
2.370999999999937e+000	2.371000e+000	3.291676e-002	2.483542e-002
2.371999999999937e+000	2.372000e+000	3.263985e-002	2.483680e-002
2.372999999999937e+000	2.373000e+000	3.236761e-002	2.483816e-002
2.373999999999937e+000	2.374000e+000	3.209992e-002	2.483950e-002
2.374999999999937e+000	2.375000e+000	3.183664e-002	2.484082e-002
2.375999999999937e+000	2.376000e+000	3.157764e-002	2.484211e-002
2.376999999999937e+000	2.377000e+000	3.132281e-002	2.484339e-002
2.377999999999937e+000	2.378000e+000	3.107202e-002	2.484464e-002
2.378999999999937e+000	2.379000e+000	3.082518e-002	2.484587e-002
2.379999999999936e+000	2.380000e+000	3.058217e-002	2.484709e-002
2.380999999999936e+000	2.381000e+000	3.034289e-002	2.484829e-002
2.381999999999936e+000	2.382000e+000	3.010725e-002	2.484946e-002
2.382999999999936e+000	2.383000e+000	2.987515e-002	2.485062e-002
2.383999999999936e+000	2.384000e+000	2.964651e-002	2.485177e-002
2.384999999999936e+000	2.385000e+000	2.942123e-002	2.485289e-002
2.385999999999936e+000	2.386000e+000	2.919924e-002	2.485400e-002
2.386999999999936e+000	2.387000e+000	2.898045e-002	2.485510e-002
2.387999999999936e+000	2.388000e+000	2.876480e-002	2.485618e-002
2.388999999999935e+000	2.389000e+000	2.855219e-002	2.485724e-002
2.389999999999935e+000	2.390000e+000	2.834257e-002	2.485829e-002
2.390999999999935e+000	2.391000e+000	2.813587e-002	2.485932e-002
2.391999999999935e+000	2.392000e+000	2.793202e-002	2.486034e-002
2.392999999999935e+000	2.393000e+000	2.773094e-002	2.486135e-002
2.393999999999935e+000	2.394000e+000	2.753260e-002	2.486234e-002
2.394999999999935e+000	2.395000e+000	2.733691e-002	2.486332e-002
2.395999999999935e+000	2.396000e+000	2.714383e-002	2.486428e-002
2.396999999999935e+000	2.397000e+000	2.695330e-002	2.486523e-002
2.397999999999934e+000	2.398000e+000	2.676527e-002	2.486617e-002
2.398999999999934e+000	2.399000e+000	2.657968e-002	2.486710e-002
2.400000000000000e+000	2.400000e+000	2.639648e-002	2.486802e-002
